real wU wUE  wI wIE  user  film
 1.0 2.5 1.5 3.3 2.3 3066.0 69.0
 4.0 3.0 1.0 3.1 0.9 5041.0 2917.0
 5.0 2.8 2.2 2.6 2.4 5529.0 2084.0
 4.0 2.7 1.3 3.3 0.7 1316.0 1092.0
 4.0 2.8 1.2 3.7 0.3 408.0 1076.0
 3.0 2.7 0.3 2.9 0.1 5879.0 1091.0
 4.0 2.3 1.7 2.7 1.3 4086.0 2761.0
 5.0 2.7 2.3 3.8 1.2 2755.0 355.0
 5.0 2.2 2.8 3.7 1.3 3034.0 3750.0
 5.0 2.3 2.7 4.1 0.9 5993.0 2911.0
 4.0 2.9 1.1 3.1 0.9 224.0 363.0
 2.0 1.7 0.3 1.9 0.1 3770.0 2867.0
 5.0 1.8 3.2 3.3 1.7 4330.0 2604.0
 2.0 2.0 0.0 3.0 1.0 3511.0 2187.0
 5.0 2.8 2.2 3.8 1.2 1305.0 1583.0
 4.0 2.9 1.1 2.9 1.1 1050.0 1285.0
 4.0 2.3 1.7 3.5 0.5 3212.0 3407.0
 3.0 2.4 0.6 4.1 1.1 3256.0 5.0
 4.0 2.9 1.1 3.4 0.6 647.0 744.0
 3.0 2.6 0.4 3.1 0.1 2488.0 3526.0
 3.0 3.2 0.2 2.2 0.8 1149.0 3036.0
 2.0 2.5 0.5 3.7 1.7 4913.0 1284.0
 4.0 2.4 1.6 3.5 0.5 2904.0 587.0
 3.0 1.8 1.2 3.5 0.5 1536.0 3534.0
 4.0 2.9 1.1 3.2 0.8 2091.0 1465.0
 5.0 1.8 3.2 3.2 1.8 2503.0 3112.0
 4.0 2.6 1.4 3.2 0.8 58.0 16.0
 4.0 2.8 1.2 3.8 0.2 3993.0 540.0
 3.0 2.4 0.6 3.2 0.2 1316.0 2791.0
 2.0 2.6 0.6 3.0 1.0 979.0 3896.0
 2.0 2.6 0.6 3.1 1.1 980.0 2335.0
 4.0 2.4 1.6 2.8 1.2 460.0 328.0
 4.0 2.4 1.6 3.6 0.4 1498.0 1652.0
 4.0 3.0 1.0 2.5 1.5 3807.0 593.0
 4.0 2.7 1.3 3.3 0.7 5775.0 1787.0
 4.0 1.7 2.3 2.6 1.4 2097.0 2314.0
 3.0 2.7 0.3 3.2 0.2 1811.0 1588.0
 5.0 2.7 2.3 3.6 1.4 4383.0 1638.0
 4.0 2.7 1.3 3.6 0.4 2888.0 594.0
 4.0 2.9 1.1 3.0 1.0 4610.0 1195.0
 5.0 2.8 2.2 3.4 1.6 4577.0 3158.0
 4.0 2.3 1.7 3.7 0.3 4131.0 162.0
 3.0 2.9 0.1 3.4 0.4 5959.0 1224.0
 4.0 2.5 1.5 3.1 0.9 3142.0 2598.0
 4.0 2.6 1.4 3.1 0.9 1000.0 1568.0
 5.0 2.4 2.6 4.3 0.7 4171.0 355.0
 3.0 3.0 0.0 3.3 0.3 1500.0 919.0
 5.0 2.7 2.3 2.7 2.3 4403.0 3159.0
 3.0 2.2 0.8 3.0 0.0 4078.0 3687.0
 4.0 2.6 1.4 3.6 0.4 589.0 2332.0
 4.0 2.2 1.8 3.2 0.8 2070.0 3554.0
 4.0 2.9 1.1 3.2 0.8 5525.0 948.0
 3.0 2.3 0.7 2.9 0.1 5409.0 3675.0
 3.0 3.4 0.4 2.3 0.7 4063.0 1411.0
 3.0 2.2 0.8 3.7 0.7 188.0 2958.0
 3.0 2.6 0.4 2.9 0.1 4590.0 348.0
 3.0 2.6 0.4 3.0 0.0 4407.0 2552.0
 3.0 3.1 0.1 3.6 0.6 2246.0 1223.0
 5.0 2.1 2.9 2.9 2.1 3841.0 412.0
 4.0 2.5 1.5 3.2 0.8 5995.0 2145.0
 5.0 3.2 1.8 3.0 2.0 122.0 918.0
 5.0 2.7 2.3 3.2 1.8 3204.0 2857.0
 5.0 2.9 2.1 3.7 1.3 1590.0 2068.0
 3.0 2.9 0.1 3.4 0.4 4417.0 1679.0
 5.0 3.1 1.9 3.5 1.5 3657.0 925.0
 1.0 2.3 1.3 3.0 2.0 684.0 2154.0
 5.0 2.4 2.6 4.0 1.0 5463.0 1182.0
 3.0 2.8 0.2 3.0 0.0 2130.0 1681.0
 1.0 1.9 0.9 2.7 1.7 2249.0 200.0
 2.0 2.3 0.3 2.8 0.8 2751.0 2516.0
 5.0 2.6 2.4 4.0 1.0 238.0 1959.0
 3.0 2.3 0.7 4.1 1.1 1912.0 1616.0
 4.0 2.0 2.0 3.2 0.8 2003.0 1370.0
 3.0 2.7 0.3 3.0 0.0 4665.0 2462.0
 5.0 2.7 2.3 4.3 0.7 2117.0 1255.0
 4.0 2.6 1.4 3.8 0.2 465.0 587.0
 4.0 2.5 1.5 3.3 0.7 5418.0 1940.0
 4.0 3.1 0.9 3.6 0.4 845.0 1135.0
 2.0 2.7 0.7 2.7 0.7 5492.0 1446.0
 5.0 2.6 2.4 3.6 1.4 5846.0 1882.0
 4.0 2.7 1.3 3.4 0.6 1118.0 3478.0
 4.0 3.0 1.0 3.8 0.2 4448.0 1448.0
 5.0 3.2 1.8 3.3 1.7 2072.0 1245.0
 1.0 2.3 1.3 2.0 1.0 3475.0 75.0
 3.0 2.3 0.7 3.1 0.1 3452.0 3449.0
 5.0 2.4 2.6 2.8 2.2 2304.0 2288.0
 4.0 3.5 0.5 2.8 1.2 4424.0 921.0
 4.0 2.8 1.2 2.9 1.1 1957.0 1392.0
 4.0 2.7 1.3 2.9 1.1 2784.0 526.0
 3.0 3.0 0.0 2.8 0.2 2933.0 1954.0
 2.0 2.4 0.4 3.0 1.0 3561.0 2711.0
 5.0 2.8 2.2 3.5 1.5 5924.0 3544.0
 3.0 2.1 0.9 2.7 0.3 795.0 1390.0
 4.0 3.0 1.0 3.4 0.6 3139.0 1642.0
 3.0 2.7 0.3 2.2 0.8 4082.0 963.0
 1.0 2.0 1.0 2.2 1.2 4226.0 2252.0
 4.0 2.7 1.3 3.5 0.5 5808.0 2856.0
 3.0 2.4 0.6 2.9 0.1 4027.0 2793.0
 5.0 2.4 2.6 3.5 1.5 5587.0 1220.0
 5.0 2.4 2.6 3.7 1.3 1253.0 1209.0
 5.0 2.3 2.7 3.3 1.7 3094.0 782.0
 3.0 2.9 0.1 3.2 0.2 2040.0 561.0
 2.0 1.7 0.3 2.5 0.5 3940.0 2278.0
 4.0 2.9 1.1 3.0 1.0 1657.0 2302.0
 5.0 3.1 1.9 3.2 1.8 983.0 1252.0
 4.0 2.4 1.6 3.6 0.4 1814.0 740.0
 5.0 3.1 1.9 4.0 1.0 1590.0 1135.0
 5.0 2.2 2.8 3.0 2.0 4599.0 2512.0
 3.0 2.0 1.0 3.0 0.0 3858.0 3256.0
 1.0 1.9 0.9 2.6 1.6 4787.0 1452.0
 4.0 2.8 1.2 3.2 0.8 5956.0 1996.0
 5.0 2.9 2.1 4.5 0.5 1130.0 49.0
 4.0 3.3 0.7 4.1 0.1 4903.0 3195.0
 5.0 1.9 3.1 3.8 1.2 2174.0 207.0
 1.0 2.4 1.4 2.3 1.3 776.0 3698.0
 3.0 3.1 0.1 3.5 0.5 4223.0 1234.0
 4.0 2.2 1.8 4.0 0.0 3423.0 499.0
 3.0 1.9 1.1 2.9 0.1 1390.0 3286.0
 3.0 2.2 0.8 3.2 0.2 455.0 2915.0
 3.0 2.1 0.9 3.1 0.1 4290.0 785.0
 3.0 2.9 0.1 2.5 0.5 1679.0 1698.0
 3.0 2.3 0.7 3.6 0.6 397.0 197.0
 3.0 2.5 0.5 2.9 0.1 854.0 2404.0
 2.0 2.5 0.5 3.4 1.4 4098.0 494.0
 5.0 2.5 2.5 3.7 1.3 4131.0 2761.0
 2.0 2.1 0.1 1.8 0.2 5685.0 2374.0
 4.0 2.1 1.9 3.7 0.3 943.0 967.0
 4.0 2.9 1.1 2.5 1.5 1049.0 474.0
 1.0 2.1 1.1 2.1 1.1 1376.0 1431.0
 4.0 2.8 1.2 2.8 1.2 3188.0 222.0
 3.0 2.5 0.5 3.3 0.3 3216.0 3218.0
 3.0 2.8 0.2 4.0 1.0 1590.0 3542.0
 4.0 2.3 1.7 3.0 1.0 5046.0 1840.0
 2.0 2.7 0.7 1.5 0.5 5038.0 3418.0
 1.0 1.1 0.1 1.6 0.6 3997.0 3572.0
 3.0 2.9 0.1 3.9 0.9 517.0 3498.0
 5.0 3.2 1.8 3.1 1.9 3891.0 49.0
 5.0 2.8 2.2 3.3 1.7 3392.0 2803.0
 5.0 2.6 2.4 3.1 1.9 1119.0 1204.0
 2.0 1.1 0.9 2.9 0.9 5766.0 3592.0
 3.0 2.6 0.4 2.7 0.3 1623.0 1018.0
 4.0 2.7 1.3 3.3 0.7 4625.0 732.0
 5.0 2.6 2.4 3.2 1.8 4437.0 1609.0
 3.0 3.1 0.1 2.7 0.3 215.0 920.0
 1.0 2.1 1.1 2.4 1.4 3388.0 546.0
 5.0 3.0 2.0 3.8 1.2 5007.0 1247.0
 5.0 2.9 2.1 3.5 1.5 284.0 2728.0
 3.0 2.1 0.9 3.5 0.5 3000.0 1919.0
 4.0 2.4 1.6 3.4 0.6 4672.0 1800.0
 4.0 3.1 0.9 3.5 0.5 2037.0 1197.0
 5.0 1.9 3.1 3.2 1.8 4279.0 369.0
 2.0 2.1 0.1 2.7 0.7 917.0 647.0
 4.0 2.1 1.9 3.2 0.8 2619.0 1551.0
 4.0 2.2 1.8 4.2 0.2 2921.0 2762.0
 3.0 2.6 0.4 3.3 0.3 4795.0 3475.0
 4.0 2.6 1.4 3.2 0.8 2833.0 947.0
 3.0 2.7 0.3 3.6 0.6 5274.0 537.0
 4.0 2.3 1.7 3.1 0.9 260.0 1626.0
 4.0 2.4 1.6 3.1 0.9 4864.0 2986.0
 1.0 1.9 0.9 2.1 1.1 5150.0 884.0
 2.0 2.8 0.8 2.2 0.2 3933.0 2077.0
 5.0 2.2 2.8 3.7 1.3 538.0 3752.0
 1.0 1.6 0.6 2.8 1.8 1052.0 2718.0
 3.0 2.0 1.0 3.6 0.6 1305.0 3483.0
 5.0 3.3 1.7 2.9 2.1 1265.0 927.0
 5.0 3.0 2.0 2.9 2.1 5977.0 918.0
 5.0 2.6 2.4 3.9 1.1 2339.0 2468.0
 1.0 2.0 1.0 3.1 2.1 5082.0 465.0
 3.0 2.1 0.9 4.1 1.1 1216.0 3032.0
 3.0 3.1 0.1 2.6 0.4 3617.0 1096.0
 3.0 2.1 0.9 3.8 0.8 1387.0 1369.0
 5.0 2.6 2.4 2.1 2.9 4509.0 1017.0
 3.0 2.2 0.8 2.7 0.3 320.0 1646.0
 4.0 3.2 0.8 2.8 1.2 5106.0 306.0
 2.0 1.9 0.1 2.6 0.6 2222.0 2573.0
 5.0 2.5 2.5 4.1 0.9 5993.0 1035.0
 1.0 2.6 1.6 3.2 2.2 2908.0 343.0
 2.0 2.4 0.4 2.2 0.2 3525.0 2059.0
 5.0 3.0 2.0 3.1 1.9 3891.0 592.0
 3.0 3.0 0.0 3.5 0.5 5427.0 507.0
 5.0 2.8 2.2 4.1 0.9 2682.0 2794.0
 5.0 2.3 2.7 2.7 2.3 2589.0 3892.0
 5.0 3.1 1.9 2.6 2.4 4082.0 1252.0
 5.0 2.7 2.3 3.5 1.5 4710.0 1197.0
 5.0 2.3 2.7 2.9 2.1 752.0 2795.0
 3.0 2.9 0.1 3.7 0.7 4372.0 2027.0
 3.0 2.8 0.2 3.4 0.4 3956.0 1294.0
 3.0 2.9 0.1 3.6 0.6 138.0 1946.0
 5.0 2.5 2.5 2.8 2.2 1139.0 2660.0
 5.0 2.4 2.6 3.6 1.4 725.0 264.0
 2.0 2.9 0.9 3.2 1.2 5200.0 953.0
 4.0 2.4 1.6 3.4 0.6 3975.0 3175.0
 3.0 2.6 0.4 3.1 0.1 5975.0 1196.0
 3.0 2.4 0.6 3.4 0.4 4707.0 2446.0
 2.0 1.9 0.1 2.8 0.8 1183.0 454.0
 5.0 3.0 2.0 3.2 1.8 1027.0 325.0
 3.0 1.7 1.3 3.2 0.2 5774.0 539.0
 3.0 2.5 0.5 2.8 0.2 1864.0 3570.0
 4.0 2.4 1.6 3.8 0.2 2026.0 3480.0
 2.0 2.0 0.0 3.5 1.5 134.0 2599.0
 3.0 2.7 0.3 3.9 0.9 4832.0 950.0
 5.0 2.3 2.7 3.6 1.4 598.0 607.0
 1.0 2.0 1.0 3.0 2.0 3570.0 3862.0
 2.0 2.6 0.6 2.7 0.7 1775.0 3039.0
 4.0 2.4 1.6 3.0 1.0 821.0 2083.0
 3.0 2.5 0.5 2.4 0.6 2062.0 652.0
 3.0 2.5 0.5 2.4 0.6 4724.0 1752.0
 5.0 3.3 1.7 3.3 1.7 330.0 1448.0
 4.0 2.1 1.9 3.3 0.7 574.0 2333.0
 3.0 2.5 0.5 3.2 0.2 3028.0 3119.0
 4.0 2.3 1.7 2.8 1.2 3713.0 1303.0
 4.0 2.6 1.4 2.9 1.1 5892.0 3361.0
 5.0 3.0 2.0 3.0 2.0 473.0 607.0
 4.0 2.3 1.7 2.9 1.1 3415.0 1716.0
 4.0 2.2 1.8 3.1 0.9 3457.0 2051.0
 4.0 2.5 1.5 3.4 0.6 3485.0 1056.0
 4.0 2.7 1.3 3.4 0.6 2123.0 3425.0
 2.0 1.6 0.4 3.0 1.0 2297.0 2187.0
 4.0 3.0 1.0 3.8 0.2 5465.0 2858.0
 5.0 3.0 2.0 3.5 1.5 4410.0 1640.0
 3.0 2.9 0.1 2.7 0.3 508.0 2729.0
 5.0 2.7 2.3 3.9 1.1 3209.0 3460.0
 3.0 2.4 0.6 2.8 0.2 2287.0 3173.0
 5.0 2.4 2.6 3.2 1.8 2503.0 1371.0
 5.0 2.1 2.9 4.0 1.0 5153.0 1209.0
 3.0 2.8 0.2 3.0 0.0 122.0 2287.0
 2.0 2.7 0.7 1.9 0.1 5685.0 1257.0
 4.0 1.9 2.1 3.6 0.4 5832.0 2687.0
 3.0 3.2 0.2 3.4 0.4 910.0 598.0
 3.0 2.7 0.3 2.3 0.7 4509.0 2008.0
 3.0 2.6 0.4 2.9 0.1 3620.0 3792.0
 2.0 3.2 1.2 1.8 0.2 1469.0 906.0
 3.0 1.7 1.3 2.8 0.2 261.0 326.0
 2.0 2.2 0.2 2.6 0.6 1853.0 2616.0
 1.0 2.6 1.6 1.8 0.8 1149.0 351.0
 3.0 2.7 0.3 2.9 0.1 675.0 1205.0
 5.0 2.4 2.6 4.1 0.9 1442.0 3420.0
 5.0 2.7 2.3 4.1 0.9 1314.0 27.0
 4.0 2.3 1.7 3.7 0.3 3267.0 38.0
 3.0 2.4 0.6 2.3 0.7 4054.0 80.0
 5.0 2.7 2.3 3.7 1.3 4704.0 1967.0
 3.0 2.3 0.7 2.5 0.5 91.0 366.0
 5.0 2.4 2.6 3.6 1.4 270.0 647.0
 5.0 2.9 2.1 3.2 1.8 1942.0 2390.0
 3.0 2.2 0.8 3.2 0.2 5028.0 2383.0
 4.0 2.7 1.3 3.5 0.5 2124.0 2685.0
 4.0 2.4 1.6 3.8 0.2 634.0 1710.0
 4.0 2.1 1.9 3.6 0.4 1019.0 652.0
 5.0 2.2 2.8 3.7 1.3 494.0 1100.0
 5.0 3.0 2.0 3.7 1.3 4504.0 1257.0
 4.0 2.5 1.5 3.8 0.2 4238.0 592.0
 3.0 2.8 0.2 2.4 0.6 1313.0 1301.0
 4.0 2.8 1.2 2.9 1.1 4795.0 2156.0
 4.0 2.0 2.0 3.1 0.9 5183.0 3508.0
 4.0 2.8 1.2 3.1 0.9 2954.0 2299.0
 1.0 2.4 1.4 3.7 2.7 174.0 3300.0
 4.0 2.5 1.5 3.5 0.5 2147.0 2132.0
 5.0 3.1 1.9 3.1 1.9 1979.0 1264.0
 5.0 3.3 1.7 3.1 1.9 983.0 949.0
 4.0 2.9 1.1 3.5 0.5 5452.0 1251.0
 4.0 2.9 1.1 2.6 1.4 5535.0 1953.0
 5.0 2.8 2.2 4.1 0.9 5929.0 909.0
 5.0 2.7 2.3 3.7 1.3 2989.0 1956.0
 4.0 2.5 1.5 3.6 0.4 3352.0 2528.0
 5.0 3.2 1.8 2.9 2.1 1265.0 1946.0
 4.0 2.4 1.6 3.7 0.3 2665.0 2914.0
 3.0 2.7 0.3 3.5 0.5 4140.0 1682.0
 2.0 2.2 0.2 3.5 1.5 4683.0 1369.0
 3.0 2.4 0.6 2.9 0.1 4020.0 2795.0
 4.0 2.8 1.2 3.1 0.9 1860.0 2358.0
 3.0 2.2 0.8 2.8 0.2 410.0 2484.0
 3.0 1.9 1.1 4.0 1.0 238.0 2627.0
 4.0 2.2 1.8 3.2 0.8 3735.0 2915.0
 3.0 3.2 0.2 3.7 0.7 2840.0 3264.0
 3.0 2.5 0.5 3.3 0.3 5805.0 2986.0
 5.0 2.7 2.3 3.4 1.6 5113.0 2570.0
 2.0 2.8 0.8 3.1 1.1 348.0 1135.0
 3.0 2.7 0.3 2.9 0.1 2455.0 1967.0
 4.0 2.6 1.4 3.1 0.9 5770.0 587.0
 4.0 2.1 1.9 2.7 1.3 1674.0 1390.0
 3.0 2.9 0.1 2.4 0.6 1961.0 1212.0
 1.0 1.5 0.5 2.2 1.2 1640.0 1881.0
 4.0 2.5 1.5 3.5 0.5 1659.0 592.0
 4.0 2.7 1.3 3.7 0.3 498.0 1967.0
 4.0 2.7 1.3 2.8 1.2 3031.0 2955.0
 5.0 2.8 2.2 3.2 1.8 2506.0 1874.0
 3.0 3.1 0.1 2.1 0.9 3617.0 3229.0
 1.0 2.0 1.0 1.8 0.8 4657.0 2363.0
 5.0 2.0 3.0 2.7 2.3 15.0 2354.0
 3.0 2.2 0.8 3.6 0.6 5910.0 2392.0
 2.0 2.2 0.2 3.0 1.0 3637.0 2429.0
 4.0 2.9 1.1 2.6 1.4 3052.0 2510.0
 3.0 2.9 0.1 3.1 0.1 1217.0 3245.0
 4.0 2.6 1.4 3.3 0.7 5086.0 1100.0
 3.0 2.6 0.4 2.4 0.6 3335.0 523.0
 3.0 2.6 0.4 2.9 0.1 4222.0 2239.0
 3.0 2.9 0.1 3.2 0.2 4916.0 3200.0
 4.0 2.6 1.4 3.8 0.2 640.0 1258.0
 4.0 2.7 1.3 3.1 0.9 4125.0 2160.0
 2.0 1.9 0.1 2.9 0.9 5956.0 1358.0
 1.0 1.3 0.3 3.6 2.6 3015.0 1622.0
 4.0 2.7 1.3 3.6 0.4 57.0 3152.0
 3.0 2.5 0.5 2.9 0.1 1447.0 2612.0
 3.0 2.1 0.9 2.4 0.6 2747.0 2090.0
 3.0 2.7 0.3 2.5 0.5 1674.0 1024.0
 4.0 2.1 1.9 3.0 1.0 3982.0 1626.0
 3.0 2.6 0.4 3.6 0.6 768.0 2918.0
 5.0 2.3 2.7 2.6 2.4 4436.0 376.0
 3.0 2.7 0.3 3.4 0.4 5836.0 6.0
 3.0 3.1 0.1 3.6 0.6 4801.0 1300.0
 4.0 2.4 1.6 3.3 0.7 4869.0 1440.0
 2.0 2.3 0.3 2.9 0.9 1171.0 236.0
 3.0 2.6 0.4 3.1 0.1 5955.0 1209.0
 4.0 3.1 0.9 3.0 1.0 1202.0 1787.0
 4.0 2.8 1.2 3.3 0.7 1139.0 2715.0
 4.0 2.3 1.7 4.3 0.3 90.0 267.0
 5.0 2.2 2.8 3.9 1.1 3255.0 3202.0
 5.0 2.4 2.6 4.3 0.7 5093.0 2027.0
 4.0 3.0 1.0 2.6 1.4 1018.0 3423.0
 2.0 2.8 0.8 3.5 1.5 5761.0 1274.0
 5.0 2.6 2.4 3.3 1.7 4400.0 1219.0
 4.0 2.4 1.6 2.9 1.1 3511.0 3724.0
 5.0 2.6 2.4 3.8 1.2 5919.0 1393.0
 4.0 2.4 1.6 3.2 0.8 4019.0 2570.0
 3.0 2.5 0.5 3.3 0.3 3519.0 662.0
 2.0 3.0 1.0 2.0 0.0 1149.0 280.0
 4.0 2.8 1.2 2.5 1.5 3883.0 550.0
 5.0 2.6 2.4 4.1 0.9 5592.0 1274.0
 4.0 2.2 1.8 3.4 0.6 1564.0 1484.0
 4.0 1.7 2.3 3.3 0.7 989.0 2721.0
 4.0 2.8 1.2 3.4 0.6 921.0 2958.0
 3.0 2.4 0.6 2.6 0.4 3388.0 1128.0
 4.0 2.6 1.4 2.7 1.3 135.0 44.0
 4.0 2.4 1.6 2.6 1.4 6024.0 288.0
 2.0 2.4 0.4 3.5 1.5 272.0 2984.0
 4.0 2.4 1.6 3.1 0.9 619.0 2996.0
 3.0 2.6 0.4 2.9 0.1 2130.0 1344.0
 4.0 3.5 0.5 3.1 0.9 4681.0 857.0
 3.0 2.3 0.7 3.9 0.9 5813.0 1306.0
 4.0 2.4 1.6 3.1 0.9 4351.0 1551.0
 5.0 3.1 1.9 3.3 1.7 4770.0 2247.0
 1.0 2.8 1.8 2.4 1.4 654.0 2958.0
 3.0 2.3 0.7 3.4 0.4 3711.0 1652.0
 5.0 2.8 2.2 3.1 1.9 3081.0 2351.0
 3.0 2.2 0.8 2.8 0.2 2736.0 3833.0
 4.0 2.0 2.0 3.3 0.7 3163.0 2354.0
 3.0 2.2 0.8 2.2 0.8 5787.0 2716.0
 5.0 2.5 2.5 4.0 1.0 763.0 2469.0
 3.0 2.5 0.5 3.2 0.2 592.0 3259.0
 4.0 2.6 1.4 3.1 0.9 934.0 20.0
 3.0 2.8 0.2 2.6 0.4 2776.0 3411.0
 3.0 2.6 0.4 3.5 0.5 3836.0 347.0
 4.0 2.6 1.4 3.0 1.0 2528.0 2708.0
 5.0 2.4 2.6 2.8 2.2 730.0 2265.0
 4.0 2.9 1.1 2.5 1.5 530.0 900.0
 5.0 3.0 2.0 3.3 1.7 548.0 3071.0
 4.0 2.0 2.0 2.6 1.4 2853.0 2187.0
 4.0 2.6 1.4 3.5 0.5 4860.0 3158.0
 3.0 2.8 0.2 3.6 0.6 2778.0 1303.0
 4.0 3.0 1.0 3.1 0.9 4334.0 2917.0
 3.0 2.2 0.8 3.3 0.3 4322.0 3246.0
 4.0 2.6 1.4 3.2 0.8 4505.0 1481.0
 5.0 3.1 1.9 3.5 1.5 668.0 2803.0
 4.0 2.1 1.9 3.1 0.9 5697.0 1326.0
 5.0 2.9 2.1 3.9 1.1 3303.0 1233.0
 2.0 1.9 0.1 2.8 0.8 2130.0 1036.0
 5.0 2.8 2.2 3.4 1.6 3417.0 1640.0
 3.0 2.4 0.6 3.4 0.4 5992.0 3420.0
 5.0 2.2 2.8 2.7 2.3 5360.0 3671.0
 2.0 2.5 0.5 3.0 1.0 2809.0 2758.0
 3.0 2.2 0.8 3.0 0.0 5683.0 2734.0
 4.0 2.7 1.3 3.4 0.6 3482.0 352.0
 4.0 2.9 1.1 3.3 0.7 18.0 1147.0
 3.0 2.9 0.1 2.9 0.1 2626.0 3097.0
 2.0 2.1 0.1 3.2 1.2 909.0 2604.0
 5.0 2.4 2.6 4.0 1.0 1131.0 2192.0
 4.0 3.0 1.0 2.7 1.3 4446.0 1229.0
 2.0 2.6 0.6 2.2 0.2 672.0 3793.0
 3.0 2.4 0.6 3.7 0.7 5515.0 2099.0
 4.0 2.3 1.7 3.4 0.6 2551.0 2469.0
 4.0 2.7 1.3 3.1 0.9 336.0 3470.0
 5.0 2.7 2.3 3.5 1.5 4952.0 3043.0
 3.0 2.7 0.3 3.1 0.1 4084.0 3607.0
 3.0 2.5 0.5 3.4 0.4 4945.0 2413.0
 4.0 2.6 1.4 3.6 0.4 2339.0 3044.0
 2.0 2.8 0.8 2.7 0.7 1163.0 1553.0
 3.0 2.8 0.2 3.6 0.6 838.0 831.0
 4.0 2.0 2.0 3.3 0.7 4647.0 2708.0
 4.0 3.2 0.8 3.2 0.8 3117.0 907.0
 3.0 2.2 0.8 2.8 0.2 4590.0 47.0
 1.0 2.7 1.7 2.9 1.9 481.0 2986.0
 4.0 2.3 1.7 3.5 0.5 533.0 1182.0
 4.0 2.2 1.8 4.0 0.0 2552.0 1046.0
 4.0 2.5 1.5 3.5 0.5 3720.0 1093.0
 3.0 2.6 0.4 3.0 0.0 3886.0 2352.0
 3.0 2.5 0.5 2.3 0.7 5787.0 3106.0
 1.0 2.0 1.0 1.8 0.8 1607.0 85.0
 2.0 2.4 0.4 3.1 1.1 5545.0 2267.0
 4.0 2.9 1.1 3.0 1.0 1328.0 540.0
 5.0 3.2 1.8 3.4 1.6 1223.0 1280.0
 5.0 2.4 2.6 4.0 1.0 6026.0 3551.0
 3.0 2.6 0.4 2.5 0.5 698.0 1517.0
 3.0 2.6 0.4 2.6 0.4 6015.0 2375.0
 4.0 2.0 2.0 3.2 0.8 4755.0 3144.0
 3.0 3.2 0.2 3.1 0.1 5004.0 1277.0
 4.0 2.7 1.3 2.8 1.2 5392.0 299.0
 5.0 3.1 1.9 4.1 0.9 4888.0 1249.0
 4.0 2.9 1.1 3.3 0.7 4949.0 1609.0
 3.0 2.1 0.9 2.8 0.2 5255.0 2615.0
 4.0 2.5 1.5 3.1 0.9 910.0 3604.0
 4.0 1.9 2.1 3.2 0.8 1250.0 2706.0
 4.0 3.1 0.9 2.5 1.5 4185.0 3333.0
 5.0 2.7 2.3 3.6 1.4 280.0 2323.0
 3.0 2.1 0.9 2.7 0.3 2142.0 2059.0
 4.0 2.5 1.5 3.9 0.1 2213.0 2107.0
 3.0 2.9 0.1 2.8 0.2 4445.0 2946.0
 1.0 2.6 1.6 3.2 2.2 2254.0 1016.0
 5.0 3.3 1.7 2.8 2.2 2877.0 2608.0
 3.0 2.6 0.4 3.2 0.2 2915.0 3051.0
 4.0 2.9 1.1 2.7 1.3 201.0 3033.0
 3.0 2.9 0.1 2.2 0.8 1488.0 295.0
 3.0 3.0 0.0 3.2 0.2 5171.0 0.0
 5.0 2.5 2.5 3.2 1.8 5971.0 2375.0
 3.0 2.6 0.4 3.0 0.0 5053.0 2454.0
 4.0 2.5 1.5 2.5 1.5 44.0 338.0
 3.0 2.8 0.2 3.1 0.1 3390.0 6.0
 4.0 2.5 1.5 3.6 0.4 699.0 3434.0
 1.0 2.8 1.8 2.3 1.3 3777.0 3867.0
 5.0 2.6 2.4 4.2 0.8 3559.0 31.0
 3.0 2.5 0.5 3.3 0.3 4425.0 1174.0
 5.0 2.6 2.4 3.3 1.7 1758.0 1516.0
 4.0 2.6 1.4 3.4 0.6 1649.0 1072.0
 4.0 2.4 1.6 4.1 0.1 64.0 453.0
 4.0 2.2 1.8 2.8 1.2 3490.0 2025.0
 2.0 2.1 0.1 2.1 0.1 2009.0 2701.0
 4.0 2.5 1.5 3.5 0.5 4234.0 109.0
 4.0 2.7 1.3 3.9 0.1 637.0 1961.0
 5.0 2.5 2.5 3.9 1.1 1071.0 2288.0
 4.0 2.2 1.8 3.7 0.3 4350.0 1572.0
 3.0 2.6 0.4 3.0 0.0 1141.0 1344.0
 4.0 2.8 1.2 3.1 0.9 1860.0 1956.0
 4.0 2.2 1.8 3.5 0.5 4728.0 2093.0
 2.0 1.7 0.3 2.5 0.5 1159.0 2491.0
 3.0 2.3 0.7 4.1 1.1 3283.0 2790.0
 3.0 2.9 0.1 2.6 0.4 4807.0 3681.0
 3.0 2.6 0.4 3.9 0.9 5595.0 3447.0
 5.0 2.5 2.5 3.9 1.1 5938.0 355.0
 1.0 1.5 0.5 3.1 2.1 2851.0 1983.0
 5.0 2.9 2.1 3.8 1.2 3684.0 1221.0
 4.0 3.0 1.0 3.4 0.6 2525.0 3504.0
 2.0 2.2 0.2 2.2 0.2 2795.0 723.0
 4.0 2.3 1.7 3.0 1.0 2881.0 2057.0
 1.0 2.2 1.2 3.0 2.0 147.0 783.0
 3.0 2.7 0.3 2.8 0.2 2204.0 3100.0
 4.0 2.8 1.2 2.7 1.3 1421.0 2796.0
 4.0 2.8 1.2 2.7 1.3 2115.0 2878.0
 4.0 2.8 1.2 2.9 1.1 1578.0 1024.0
 2.0 2.5 0.5 3.1 1.1 1682.0 1373.0
 4.0 2.6 1.4 3.0 1.0 3098.0 2794.0
 5.0 3.1 1.9 4.0 1.0 2339.0 3670.0
 4.0 2.4 1.6 3.8 0.2 3037.0 2406.0
 4.0 4.3 0.3 3.1 0.9 234.0 3244.0
 5.0 2.6 2.4 3.6 1.4 3762.0 1258.0
 4.0 2.9 1.1 3.4 0.6 5971.0 149.0
 4.0 2.2 1.8 3.0 1.0 3858.0 316.0
 2.0 1.8 0.2 1.8 0.2 5685.0 434.0
 3.0 2.4 0.6 3.4 0.4 2910.0 1616.0
 3.0 2.8 0.2 3.2 0.2 3692.0 1395.0
 4.0 2.4 1.6 3.2 0.8 1202.0 3488.0
 4.0 2.3 1.7 3.9 0.1 2572.0 1182.0
 4.0 3.2 0.8 2.9 1.1 5746.0 902.0
 3.0 2.5 0.5 3.0 0.0 5727.0 2004.0
 3.0 2.0 1.0 2.8 0.2 5320.0 783.0
 3.0 2.0 1.0 2.8 0.2 603.0 1675.0
 5.0 2.9 2.1 3.4 1.6 5914.0 1703.0
 5.0 2.7 2.3 3.4 1.6 3680.0 1046.0
 4.0 2.4 1.6 3.4 0.6 4672.0 433.0
 4.0 2.2 1.8 3.5 0.5 1600.0 1615.0
 5.0 2.8 2.2 3.0 2.0 4278.0 1922.0
 3.0 2.8 0.2 2.3 0.7 4226.0 1964.0
 4.0 2.9 1.1 3.7 0.3 986.0 540.0
 4.0 2.2 1.8 2.8 1.2 1735.0 2020.0
 4.0 2.3 1.7 2.4 1.6 3351.0 3626.0
 5.0 2.8 2.2 3.8 1.2 2755.0 1290.0
 5.0 2.8 2.2 3.3 1.7 764.0 0.0
 2.0 1.2 0.8 2.0 0.0 880.0 2817.0
 4.0 2.5 1.5 3.3 0.7 4833.0 3250.0
 4.0 2.7 1.3 3.8 0.2 2522.0 1224.0
 4.0 2.6 1.4 3.2 0.8 203.0 2272.0
 4.0 2.9 1.1 3.5 0.5 2859.0 2394.0
 5.0 3.1 1.9 3.4 1.6 1591.0 922.0
 4.0 2.9 1.1 3.0 1.0 3561.0 1407.0
 5.0 2.9 2.1 3.6 1.4 2063.0 1286.0
 4.0 2.7 1.3 3.6 0.4 1112.0 587.0
 3.0 2.3 0.7 2.8 0.2 3528.0 2915.0
 2.0 2.6 0.6 3.2 1.2 1754.0 376.0
 5.0 2.4 2.6 4.2 0.8 3203.0 1196.0
 5.0 2.8 2.2 3.2 1.8 4089.0 3807.0
 3.0 3.0 0.0 3.9 0.9 2763.0 1243.0
 5.0 2.6 2.4 3.9 1.1 1852.0 3103.0
 1.0 2.3 1.3 2.5 1.5 2502.0 3307.0
 3.0 2.6 0.4 3.1 0.1 2642.0 379.0
 2.0 2.4 0.4 2.9 0.9 545.0 499.0
 3.0 2.6 0.4 3.2 0.2 4521.0 1195.0
 5.0 2.7 2.3 3.4 1.6 4584.0 33.0
 3.0 2.6 0.4 2.5 0.5 880.0 1908.0
 5.0 2.7 2.3 3.2 1.8 1756.0 1024.0
 3.0 2.4 0.6 3.0 0.0 1665.0 2758.0
 4.0 2.2 1.8 3.5 0.5 5893.0 1579.0
 2.0 2.0 0.0 2.5 0.5 5737.0 543.0
 5.0 2.9 2.1 2.6 2.4 4082.0 2947.0
 5.0 2.9 2.1 2.8 2.2 5737.0 1393.0
 2.0 2.3 0.3 3.5 1.5 3759.0 735.0
 1.0 1.2 0.2 2.0 1.0 2011.0 1825.0
 4.0 2.1 1.9 2.9 1.1 4471.0 2401.0
 3.0 1.9 1.1 2.2 0.8 4008.0 2106.0
 4.0 2.4 1.6 2.5 1.5 1219.0 2102.0
 3.0 2.1 0.9 2.5 0.5 4311.0 1969.0
 4.0 2.8 1.2 2.4 1.6 2062.0 2840.0
 4.0 2.5 1.5 3.8 0.2 1995.0 3159.0
 1.0 1.8 0.8 2.9 1.9 2667.0 3839.0
 5.0 2.5 2.5 3.0 2.0 5954.0 3044.0
 3.0 1.8 1.2 2.5 0.5 965.0 3625.0
 1.0 2.3 1.3 3.0 2.0 222.0 2339.0
 4.0 2.8 1.2 4.0 0.0 4946.0 1246.0
 4.0 2.1 1.9 3.5 0.5 294.0 3218.0
 4.0 2.5 1.5 3.8 0.2 1995.0 2715.0
 5.0 2.1 2.9 3.3 1.7 3288.0 2426.0
 4.0 2.8 1.2 3.8 0.2 5595.0 1283.0
 4.0 2.5 1.5 3.8 0.2 5831.0 35.0
 5.0 2.6 2.4 3.7 1.3 2240.0 919.0
 4.0 2.8 1.2 2.9 1.1 5221.0 3359.0
 5.0 3.1 1.9 3.9 1.1 2763.0 1196.0
 3.0 2.7 0.3 3.5 0.5 5836.0 1526.0
 1.0 2.6 1.6 3.6 2.6 280.0 1281.0
 5.0 2.2 2.8 3.6 1.4 3033.0 3843.0
 4.0 2.8 1.2 2.9 1.1 5255.0 1652.0
 1.0 2.1 1.1 2.2 1.2 3011.0 2428.0
 4.0 3.0 1.0 4.1 0.1 3225.0 2018.0
 3.0 2.1 0.9 3.3 0.3 2113.0 747.0
 4.0 2.6 1.4 3.6 0.4 211.0 2351.0
 3.0 2.6 0.4 3.0 0.0 4896.0 1100.0
 4.0 2.1 1.9 3.1 0.9 1462.0 2315.0
 5.0 2.4 2.6 3.8 1.2 4524.0 1089.0
 3.0 2.2 0.8 3.6 0.6 5910.0 2640.0
 2.0 2.1 0.1 2.3 0.3 1850.0 2.0
 4.0 2.6 1.4 3.2 0.8 1483.0 1700.0
 2.0 2.9 0.9 2.7 0.7 215.0 1080.0
 4.0 2.1 1.9 3.5 0.5 5647.0 1572.0
 4.0 2.4 1.6 3.7 0.3 6002.0 3518.0
 4.0 3.1 0.9 3.0 1.0 508.0 1386.0
 5.0 2.9 2.1 3.0 2.0 2543.0 3871.0
 3.0 1.3 1.7 3.2 0.2 1722.0 2700.0
 5.0 2.8 2.2 3.2 1.8 3066.0 44.0
 5.0 2.4 2.6 3.5 1.5 3115.0 2761.0
 3.0 2.0 1.0 3.2 0.2 393.0 2915.0
 3.0 2.0 1.0 2.8 0.2 709.0 484.0
 3.0 2.5 0.5 3.2 0.2 3581.0 1960.0
 2.0 1.8 0.2 3.4 1.4 2049.0 3820.0
 2.0 3.0 1.0 2.3 0.3 5366.0 3270.0
 4.0 2.5 1.5 3.6 0.4 4812.0 221.0
 5.0 2.7 2.3 3.3 1.7 1694.0 1947.0
 3.0 2.1 0.9 2.5 0.5 1421.0 1919.0
 2.0 2.6 0.6 2.7 0.7 3474.0 499.0
 3.0 2.7 0.3 3.5 0.5 1123.0 2365.0
 5.0 2.8 2.2 2.8 2.2 2589.0 1192.0
 3.0 2.5 0.5 3.1 0.1 764.0 2475.0
 5.0 2.9 2.1 2.9 2.1 4646.0 1060.0
 4.0 2.9 1.1 3.1 0.9 1979.0 2986.0
 4.0 2.8 1.2 2.8 1.2 5053.0 2729.0
 3.0 2.8 0.2 3.9 0.9 345.0 356.0
 3.0 2.4 0.6 3.5 0.5 1307.0 1199.0
 4.0 2.3 1.7 3.0 1.0 3515.0 1583.0
 4.0 3.1 0.9 2.5 1.5 3840.0 3065.0
 4.0 2.5 1.5 3.2 0.8 3714.0 3152.0
 4.0 1.9 2.1 3.3 0.7 2235.0 3754.0
 4.0 2.5 1.5 3.7 0.3 4236.0 1616.0
 4.0 2.7 1.3 3.0 1.0 974.0 2405.0
 5.0 3.3 1.7 2.8 2.2 1646.0 1202.0
 4.0 2.2 1.8 3.3 0.7 4672.0 1063.0
 3.0 2.5 0.5 2.8 0.2 5635.0 2432.0
 2.0 2.3 0.3 2.3 0.3 5197.0 602.0
 4.0 2.9 1.1 3.5 0.5 5579.0 2358.0
 5.0 2.9 2.1 3.1 1.9 3498.0 1290.0
 3.0 2.4 0.6 3.5 0.5 4670.0 3701.0
 4.0 3.1 0.9 3.2 0.8 1316.0 2317.0
 2.0 2.7 0.7 3.0 1.0 4047.0 1613.0
 3.0 3.0 0.0 3.5 0.5 3755.0 1946.0
 3.0 1.7 1.3 3.2 0.2 2521.0 2040.0
 3.0 1.9 1.1 3.8 0.8 3924.0 465.0
 5.0 2.7 2.3 3.7 1.3 418.0 1218.0
 5.0 2.6 2.4 4.0 1.0 754.0 1306.0
 4.0 2.0 2.0 3.4 0.6 38.0 85.0
 4.0 2.8 1.2 2.9 1.1 1736.0 2670.0
 5.0 2.1 2.9 3.7 1.3 4843.0 33.0
 1.0 1.3 0.3 3.0 2.0 1144.0 1971.0
 5.0 2.5 2.5 3.7 1.3 4298.0 363.0
 3.0 2.5 0.5 3.0 0.0 4321.0 1458.0
 5.0 3.2 1.8 3.9 1.1 1642.0 903.0
 4.0 2.8 1.2 3.4 0.6 4584.0 1072.0
 4.0 2.5 1.5 3.4 0.6 2301.0 3266.0
 3.0 3.4 0.4 2.9 0.1 5642.0 952.0
 2.0 2.5 0.5 2.8 0.8 5160.0 2014.0
 5.0 3.1 1.9 2.9 2.1 122.0 2744.0
 5.0 2.7 2.3 4.0 1.0 4946.0 3018.0
 1.0 1.6 0.6 3.2 2.2 626.0 2398.0
 4.0 2.5 1.5 4.0 0.0 4360.0 1096.0
 3.0 2.7 0.3 2.6 0.4 3474.0 2089.0
 4.0 3.2 0.8 2.2 1.8 1009.0 749.0
 5.0 3.0 2.0 3.5 1.5 52.0 280.0
 5.0 2.3 2.7 3.6 1.4 1654.0 3752.0
 4.0 2.9 1.1 2.8 1.2 5106.0 3167.0
 3.0 2.4 0.6 2.7 0.3 5301.0 2845.0
 4.0 2.6 1.4 3.2 0.8 1684.0 1882.0
 1.0 1.8 0.8 2.5 1.5 47.0 1473.0
 3.0 2.6 0.4 3.1 0.1 1243.0 1579.0
 4.0 2.7 1.3 4.3 0.3 2688.0 1265.0
 4.0 2.0 2.0 4.0 0.0 5730.0 3637.0
 4.0 3.2 0.8 3.1 0.9 4276.0 1278.0
 4.0 2.0 2.0 3.5 0.5 4504.0 1778.0
 3.0 2.0 1.0 2.0 1.0 4101.0 1333.0
 3.0 1.8 1.2 3.3 0.3 300.0 2091.0
 5.0 2.7 2.3 3.6 1.4 5582.0 1241.0
 5.0 3.1 1.9 3.4 1.6 3030.0 1718.0
 4.0 2.6 1.4 3.5 0.5 4762.0 3782.0
 3.0 2.0 1.0 2.8 0.2 5594.0 378.0
 2.0 1.9 0.1 2.4 0.4 215.0 443.0
 2.0 2.9 0.9 3.2 1.2 2886.0 3103.0
 4.0 2.3 1.7 3.5 0.5 4076.0 2640.0
 5.0 3.1 1.9 3.1 1.9 2483.0 259.0
 2.0 2.2 0.2 3.2 1.2 4056.0 2412.0
 5.0 2.5 2.5 4.1 0.9 1131.0 1583.0
 4.0 2.2 1.8 3.7 0.3 2403.0 1588.0
 4.0 1.9 2.1 3.3 0.7 4315.0 3300.0
 4.0 2.2 1.8 2.8 1.2 1937.0 2915.0
 2.0 2.4 0.4 2.3 0.3 1940.0 2771.0
 3.0 1.7 1.3 2.0 1.0 2540.0 86.0
 4.0 2.0 2.0 2.5 1.5 5760.0 3772.0
 3.0 3.3 0.3 3.2 0.2 2091.0 1222.0
 2.0 1.3 0.7 2.4 0.4 3992.0 3267.0
 3.0 2.5 0.5 3.0 0.0 1171.0 1019.0
 5.0 2.5 2.5 3.9 1.1 2694.0 911.0
 3.0 2.8 0.2 3.2 0.2 1711.0 1465.0
 5.0 3.0 2.0 3.4 1.6 2977.0 1259.0
 1.0 1.9 0.9 2.5 1.5 5719.0 2615.0
 3.0 2.4 0.6 3.3 0.3 3124.0 224.0
 2.0 1.7 0.3 2.7 0.7 1610.0 2460.0
 5.0 2.6 2.4 2.8 2.2 2329.0 1202.0
 3.0 2.2 0.8 3.7 0.7 1761.0 3417.0
 5.0 2.1 2.9 4.2 0.8 2312.0 315.0
 2.0 1.8 0.2 2.4 0.4 2084.0 11.0
 4.0 3.0 1.0 2.6 1.4 1604.0 1682.0
 5.0 2.2 2.8 3.4 1.6 3330.0 647.0
 5.0 2.6 2.4 3.3 1.7 5177.0 2107.0
 4.0 3.2 0.8 3.3 0.7 3704.0 1195.0
 2.0 2.3 0.3 1.8 0.2 202.0 1398.0
 2.0 2.7 0.7 3.2 1.2 3640.0 2244.0
 2.0 2.8 0.8 2.4 0.4 4446.0 2096.0
 5.0 3.3 1.7 3.0 2.0 2877.0 905.0
 2.0 1.5 0.5 2.5 0.5 5347.0 610.0
 4.0 2.7 1.3 3.0 1.0 4321.0 1285.0
 2.0 2.1 0.1 2.4 0.4 586.0 2750.0
 3.0 3.0 0.0 2.9 0.1 3223.0 850.0
 5.0 3.1 1.9 3.4 1.6 3401.0 954.0
 1.0 2.4 1.4 2.0 1.0 1149.0 2716.0
 2.0 2.1 0.1 2.4 0.4 4661.0 1408.0
 4.0 3.0 1.0 3.4 0.6 1973.0 1922.0
 5.0 2.8 2.2 2.7 2.3 5529.0 3417.0
 3.0 2.3 0.7 2.1 0.9 3310.0 2119.0
 3.0 2.3 0.7 2.5 0.5 3279.0 1404.0
 5.0 2.7 2.3 3.3 1.7 2794.0 1282.0
 1.0 1.8 0.8 2.5 1.5 5794.0 159.0
 4.0 2.8 1.2 3.1 0.9 307.0 2149.0
 3.0 2.5 0.5 3.6 0.6 5474.0 3307.0
 3.0 2.6 0.4 3.1 0.1 3577.0 3500.0
 4.0 2.3 1.7 2.6 1.4 748.0 1329.0
 5.0 2.5 2.5 3.4 1.6 2896.0 1195.0
 4.0 2.5 1.5 3.6 0.4 3758.0 3086.0
 5.0 2.9 2.1 3.1 1.9 2352.0 3329.0
 5.0 2.8 2.2 3.8 1.2 1691.0 500.0
 1.0 2.4 1.4 2.1 1.1 2009.0 375.0
 3.0 3.0 0.0 2.7 0.3 4063.0 439.0
 2.0 2.6 0.6 2.8 0.8 1264.0 513.0
 5.0 2.6 2.4 3.2 1.8 3799.0 857.0
 1.0 2.6 1.6 2.6 1.6 3264.0 1178.0
 4.0 2.3 1.7 3.4 0.6 350.0 3728.0
 3.0 2.1 0.9 3.5 0.5 3157.0 3155.0
 3.0 2.3 0.7 3.6 0.6 5663.0 585.0
 5.0 2.9 2.1 3.3 1.7 17.0 2027.0
 2.0 2.6 0.6 2.5 0.5 3279.0 2000.0
 5.0 2.8 2.2 4.0 1.0 504.0 1277.0
 3.0 2.5 0.5 2.8 0.2 3708.0 21.0
 5.0 2.7 2.3 3.4 1.6 1898.0 3702.0
 5.0 2.5 2.5 3.3 1.7 28.0 1035.0
 1.0 1.8 0.8 2.9 1.9 410.0 3353.0
 3.0 2.5 0.5 3.0 0.0 4646.0 3534.0
 4.0 2.4 1.6 3.1 0.9 3498.0 1478.0
 4.0 2.4 1.6 3.2 0.8 5954.0 2404.0
 4.0 2.6 1.4 3.5 0.5 3535.0 2889.0
 3.0 2.6 0.4 3.0 0.0 4662.0 591.0
 4.0 3.1 0.9 3.0 1.0 1273.0 3621.0
 3.0 2.2 0.8 3.1 0.1 2167.0 1549.0
 3.0 2.3 0.7 3.4 0.4 4630.0 2986.0
 3.0 2.2 0.8 2.8 0.2 1665.0 2334.0
 5.0 2.9 2.1 3.1 1.9 2912.0 3919.0
 3.0 2.6 0.4 3.5 0.5 2951.0 1668.0
 1.0 2.6 1.6 2.5 1.5 3525.0 2706.0
 2.0 2.3 0.3 3.7 1.7 2932.0 2057.0
 5.0 2.8 2.2 4.0 1.0 4999.0 1583.0
 1.0 1.9 0.9 2.6 1.6 1635.0 23.0
 4.0 3.4 0.6 2.9 1.1 215.0 1206.0
 4.0 2.6 1.4 3.4 0.6 4249.0 3762.0
 3.0 2.1 0.9 2.9 0.1 1219.0 3488.0
 4.0 2.1 1.9 3.9 0.1 961.0 3509.0
 4.0 2.8 1.2 3.0 1.0 1217.0 891.0
 3.0 2.5 0.5 3.1 0.1 1263.0 187.0
 4.0 2.8 1.2 3.3 0.7 3517.0 2084.0
 4.0 2.4 1.6 3.9 0.1 1527.0 1386.0
 4.0 3.1 0.9 3.3 0.7 2871.0 3740.0
 4.0 3.0 1.0 3.6 0.4 1997.0 1283.0
 5.0 2.4 2.6 3.8 1.2 73.0 295.0
 4.0 2.3 1.7 4.0 0.0 993.0 1276.0
 3.0 2.4 0.6 1.8 1.2 1433.0 836.0
 4.0 2.6 1.4 3.0 1.0 4652.0 707.0
 5.0 2.6 2.4 3.1 1.9 4820.0 3251.0
 3.0 2.6 0.4 2.1 0.9 5787.0 449.0
 2.0 1.5 0.5 3.2 1.2 5454.0 159.0
 3.0 2.3 0.7 3.4 0.4 5291.0 1960.0
 2.0 2.9 0.9 3.0 1.0 1302.0 3577.0
 5.0 3.3 1.7 3.5 1.5 2506.0 968.0
 5.0 2.3 2.7 3.2 1.8 990.0 3143.0
 3.0 1.9 1.1 2.7 0.3 3016.0 1452.0
 3.0 2.9 0.1 2.8 0.2 5642.0 1018.0
 3.0 2.8 0.2 3.3 0.3 1263.0 2967.0
 3.0 2.5 0.5 3.0 0.0 4417.0 1398.0
 2.0 2.2 0.2 3.0 1.0 4609.0 2984.0
 4.0 3.3 0.7 3.0 1.0 709.0 3468.0
 4.0 2.3 1.7 3.5 0.5 5080.0 3750.0
 2.0 3.1 1.1 2.6 0.6 5642.0 1912.0
 2.0 2.7 0.7 3.4 1.4 5868.0 49.0
 3.0 3.0 0.0 3.2 0.2 3791.0 1027.0
 3.0 3.0 0.0 3.0 0.0 4149.0 1035.0
 2.0 1.7 0.3 2.8 0.8 970.0 2807.0
 3.0 2.2 0.8 3.1 0.1 819.0 1355.0
 4.0 2.6 1.4 3.5 0.5 516.0 1638.0
 2.0 2.2 0.2 2.6 0.6 2465.0 2115.0
 4.0 2.5 1.5 3.2 0.8 1758.0 338.0
 3.0 3.0 0.0 3.1 0.1 3944.0 2267.0
 5.0 2.7 2.3 2.7 2.3 4276.0 3126.0
 4.0 2.8 1.2 1.8 2.2 5038.0 2916.0
 5.0 2.9 2.1 4.0 1.0 4456.0 1952.0
 1.0 2.1 1.1 2.8 1.8 1357.0 1917.0
 5.0 2.5 2.5 2.8 2.2 3319.0 3808.0
 4.0 2.5 1.5 3.1 0.9 3982.0 1967.0
 5.0 3.1 1.9 3.2 1.8 147.0 3395.0
 4.0 2.5 1.5 3.7 0.3 5820.0 1197.0
 5.0 2.8 2.2 3.3 1.7 3872.0 925.0
 5.0 2.6 2.4 2.3 2.7 2681.0 930.0
 1.0 2.2 1.2 2.1 1.1 3475.0 195.0
 3.0 2.3 0.7 3.6 0.6 148.0 2723.0
 3.0 2.6 0.4 3.2 0.2 4032.0 2456.0
 3.0 2.7 0.3 3.4 0.4 3226.0 2354.0
 4.0 2.5 1.5 3.8 0.2 2253.0 1232.0
 4.0 3.2 0.8 3.5 0.5 4276.0 1681.0
 4.0 2.5 1.5 4.3 0.3 3237.0 1952.0
 5.0 2.4 2.6 4.0 1.0 942.0 2395.0
 5.0 2.7 2.3 3.7 1.3 3299.0 1967.0
 5.0 2.2 2.8 4.0 1.0 504.0 197.0
 5.0 2.9 2.1 3.4 1.6 557.0 918.0
 3.0 1.9 1.1 3.2 0.2 3107.0 484.0
 4.0 2.5 1.5 3.8 0.2 6010.0 1395.0
 4.0 2.5 1.5 3.8 0.2 1739.0 1034.0
 4.0 3.2 0.8 3.0 1.0 508.0 2570.0
 4.0 2.7 1.3 3.4 0.6 5825.0 2541.0
 3.0 2.6 0.4 3.7 0.7 4511.0 1213.0
 4.0 2.6 1.4 3.0 1.0 4457.0 586.0
 4.0 2.5 1.5 3.6 0.4 5717.0 1839.0
 3.0 2.8 0.2 3.5 0.5 3728.0 440.0
 1.0 1.6 0.6 2.2 1.2 2795.0 172.0
 5.0 2.6 2.4 3.9 1.1 3705.0 1662.0
 4.0 3.0 1.0 3.3 0.7 330.0 1956.0
 4.0 3.0 1.0 3.0 1.0 1599.0 248.0
 3.0 2.5 0.5 3.6 0.6 1774.0 2947.0
 5.0 2.9 2.1 2.8 2.2 4040.0 1320.0
 3.0 2.3 0.7 3.3 0.3 1098.0 2915.0
 3.0 2.5 0.5 2.7 0.3 3824.0 1588.0
 4.0 3.0 1.0 3.2 0.8 4138.0 318.0
 1.0 2.1 1.1 3.5 2.5 5666.0 1099.0
 4.0 2.8 1.2 3.2 0.8 5830.0 499.0
 4.0 2.4 1.6 3.5 0.5 5984.0 1096.0
 3.0 2.9 0.1 3.0 0.0 1675.0 1638.0
 5.0 3.1 1.9 3.5 1.5 4828.0 897.0
 4.0 2.3 1.7 3.4 0.6 4151.0 2705.0
 2.0 2.4 0.4 3.2 1.2 3369.0 3407.0
 4.0 2.4 1.6 3.9 0.1 5468.0 3255.0
 4.0 2.2 1.8 3.0 1.0 261.0 2192.0
 3.0 2.1 0.9 3.3 0.3 1157.0 3185.0
 4.0 2.9 1.1 3.4 0.6 823.0 3245.0
 2.0 2.6 0.6 2.5 0.5 2961.0 542.0
 4.0 2.7 1.3 3.1 0.9 3538.0 3425.0
 3.0 2.8 0.2 2.8 0.2 5635.0 2272.0
 4.0 2.1 1.9 2.4 1.6 1640.0 3752.0
 1.0 1.8 0.8 2.3 1.3 2377.0 354.0
 4.0 2.6 1.4 3.1 0.9 1682.0 2871.0
 3.0 2.9 0.1 3.4 0.4 4032.0 3104.0
 4.0 2.3 1.7 2.9 1.1 3192.0 2715.0
 3.0 2.4 0.6 3.7 0.7 4881.0 967.0
 4.0 3.2 0.8 2.9 1.1 5642.0 46.0
 4.0 2.7 1.3 3.4 0.6 5971.0 2715.0
 5.0 2.7 2.3 3.3 1.7 43.0 3167.0
 3.0 2.8 0.2 3.9 0.9 4887.0 363.0
 3.0 2.4 0.6 2.7 0.3 3791.0 2690.0
 4.0 3.1 0.9 3.3 0.7 5954.0 2787.0
 3.0 2.0 1.0 2.9 0.1 3750.0 431.0
 5.0 3.0 2.0 2.0 3.0 1339.0 526.0
 5.0 2.9 2.1 3.3 1.7 1811.0 1395.0
 3.0 2.5 0.5 3.2 0.2 1027.0 3369.0
 5.0 2.5 2.5 3.3 1.7 4766.0 911.0
 5.0 2.9 2.1 3.6 1.4 3000.0 1257.0
 1.0 2.0 1.0 3.1 2.1 3939.0 152.0
 3.0 2.1 0.9 3.4 0.4 2113.0 3554.0
 4.0 2.4 1.6 3.8 0.2 5205.0 1957.0
 5.0 2.8 2.2 3.4 1.6 106.0 922.0
 3.0 2.2 0.8 3.5 0.5 4683.0 3051.0
 3.0 2.1 0.9 3.1 0.1 4826.0 2393.0
 3.0 2.5 0.5 3.1 0.1 1116.0 2434.0
 1.0 1.9 0.9 2.0 1.0 5895.0 3207.0
 2.0 2.1 0.1 1.7 0.3 162.0 2977.0
 3.0 2.4 0.6 3.1 0.1 5316.0 1409.0
 5.0 3.2 1.8 4.1 0.9 3687.0 3029.0
 5.0 2.4 2.6 3.4 1.6 3879.0 3420.0
 3.0 2.4 0.6 3.1 0.1 405.0 1967.0
 4.0 2.6 1.4 3.3 0.7 4121.0 2699.0
 3.0 2.0 1.0 3.2 0.2 5971.0 2087.0
 4.0 2.0 2.0 3.5 0.5 5937.0 1390.0
 3.0 2.2 0.8 3.2 0.2 393.0 164.0
 4.0 2.2 1.8 3.4 0.6 645.0 1615.0
 4.0 2.5 1.5 2.8 1.2 5355.0 2487.0
 3.0 2.1 0.9 3.4 0.4 2261.0 3925.0
 5.0 2.6 2.4 3.8 1.2 5207.0 2570.0
 5.0 2.4 2.6 3.6 1.4 1671.0 2323.0
 4.0 2.8 1.2 4.2 0.2 4203.0 3362.0
 5.0 2.6 2.4 3.6 1.4 1042.0 1083.0
 3.0 2.7 0.3 2.7 0.3 2014.0 831.0
 5.0 3.0 2.0 3.8 1.2 4093.0 3896.0
 3.0 2.4 0.6 3.2 0.2 2872.0 6.0
 4.0 2.2 1.8 2.7 1.3 3110.0 2571.0
 3.0 2.4 0.6 3.3 0.3 18.0 3174.0
 4.0 2.0 2.0 3.2 0.8 4032.0 3437.0
 1.0 1.5 0.5 2.1 1.1 5145.0 2913.0
 1.0 2.3 1.3 2.2 1.2 3807.0 2353.0
 4.0 2.6 1.4 3.5 0.5 3003.0 3043.0
 2.0 2.3 0.3 3.2 1.2 5404.0 3425.0
 3.0 2.2 0.8 3.0 0.0 5367.0 2277.0
 3.0 2.1 0.9 3.7 0.7 4814.0 156.0
 3.0 2.3 0.7 2.9 0.1 1369.0 3174.0
 5.0 3.0 2.0 2.4 2.6 751.0 1957.0
 4.0 2.8 1.2 3.1 0.9 2908.0 3683.0
 4.0 2.7 1.3 3.9 0.1 593.0 1059.0
 3.0 2.7 0.3 3.3 0.3 3079.0 1823.0
 2.0 2.2 0.2 3.4 1.4 5456.0 3032.0
 5.0 2.5 2.5 3.6 1.4 3157.0 1338.0
 4.0 2.5 1.5 3.1 0.9 4095.0 2086.0
 5.0 2.8 2.2 4.0 1.0 3044.0 317.0
 1.0 2.0 1.0 3.0 2.0 1666.0 2709.0
 5.0 2.7 2.3 3.3 1.7 3153.0 260.0
 5.0 3.2 1.8 3.2 1.8 5549.0 3497.0
 3.0 2.5 0.5 3.7 0.7 2270.0 467.0
 3.0 2.8 0.2 3.4 0.4 2176.0 912.0
 5.0 2.0 3.0 3.4 1.6 4372.0 1923.0
 5.0 2.6 2.4 4.2 0.8 673.0 907.0
 4.0 2.3 1.7 3.4 0.6 2485.0 3597.0
 3.0 1.8 1.2 2.4 0.6 4278.0 1986.0
 3.0 2.7 0.3 2.7 0.3 4424.0 3728.0
 5.0 3.0 2.0 2.8 2.2 3840.0 3254.0
 3.0 2.4 0.6 3.8 0.8 5591.0 3051.0
 1.0 2.3 1.3 3.0 2.0 4737.0 2135.0
 3.0 2.5 0.5 3.4 0.4 5417.0 1375.0
 5.0 2.6 2.4 4.2 0.8 137.0 292.0
 4.0 3.0 1.0 3.0 1.0 5219.0 1960.0
 4.0 2.9 1.1 3.6 0.4 1726.0 1728.0
 4.0 2.3 1.7 2.7 1.3 3765.0 3254.0
 2.0 2.5 0.5 3.5 1.5 3590.0 1746.0
 4.0 2.7 1.3 3.2 0.8 4437.0 3038.0
 5.0 1.9 3.1 4.0 1.0 2336.0 2627.0
 3.0 2.4 0.6 2.8 0.2 3726.0 3700.0
 4.0 2.8 1.2 3.0 1.0 1675.0 3252.0
 4.0 2.7 1.3 3.7 0.3 995.0 1269.0
 4.0 1.7 2.3 3.4 0.6 2188.0 2604.0
 4.0 3.2 0.8 3.3 0.7 194.0 3245.0
 1.0 2.4 1.4 3.3 2.3 4577.0 2671.0
 5.0 2.3 2.7 3.2 1.8 902.0 3542.0
 3.0 2.0 1.0 2.2 0.8 4429.0 2701.0
 4.0 2.6 1.4 3.0 1.0 2626.0 2986.0
 3.0 2.5 0.5 3.8 0.8 5942.0 1332.0
 4.0 2.6 1.4 3.8 0.2 1022.0 1207.0
 4.0 2.4 1.6 3.4 0.6 845.0 2404.0
 3.0 2.8 0.2 3.6 0.6 5622.0 1386.0
 3.0 2.9 0.1 2.6 0.4 698.0 2079.0
 4.0 2.1 1.9 3.5 0.5 1738.0 2762.0
 4.0 2.9 1.1 3.2 0.8 1647.0 949.0
 4.0 1.6 2.4 2.8 1.2 551.0 1771.0
 3.0 2.4 0.6 3.1 0.1 4735.0 779.0
 5.0 3.3 1.7 3.3 1.7 1883.0 1360.0
 2.0 2.5 0.5 3.5 1.5 1389.0 3440.0
 5.0 2.5 2.5 3.9 1.1 2174.0 2354.0
 2.0 2.5 0.5 3.2 1.2 4057.0 3698.0
 5.0 3.0 2.0 2.4 2.6 4446.0 3404.0
 3.0 2.7 0.3 2.8 0.2 2455.0 2143.0
 5.0 2.9 2.1 3.4 1.6 5162.0 2501.0
 4.0 2.6 1.4 3.5 0.5 4405.0 3031.0
 2.0 1.5 0.5 2.8 0.8 2576.0 3112.0
 5.0 3.1 1.9 3.6 1.4 4606.0 1207.0
 5.0 2.8 2.2 3.8 1.2 2001.0 3670.0
 4.0 3.1 0.9 3.5 0.5 3680.0 3670.0
 4.0 2.6 1.4 3.6 0.4 2210.0 3100.0
 3.0 2.5 0.5 3.2 0.2 5995.0 2261.0
 5.0 3.0 2.0 2.8 2.2 4139.0 292.0
 4.0 2.8 1.2 3.3 0.7 2825.0 1076.0
 4.0 2.5 1.5 3.2 0.8 3717.0 2925.0
 4.0 2.9 1.1 3.3 0.7 1751.0 387.0
 4.0 2.7 1.3 3.4 0.6 2218.0 1640.0
 2.0 2.1 0.1 2.3 0.3 3998.0 1608.0
 5.0 3.2 1.8 2.2 2.8 1488.0 921.0
 3.0 2.7 0.3 2.9 0.1 1050.0 1014.0
 2.0 1.7 0.3 2.8 0.8 437.0 2337.0
 4.0 2.8 1.2 3.4 0.6 5971.0 2796.0
 3.0 2.6 0.4 3.2 0.2 5791.0 1700.0
 4.0 2.8 1.2 2.6 1.4 530.0 804.0
 4.0 2.6 1.4 3.7 0.3 365.0 2419.0
 4.0 2.9 1.1 3.7 0.3 4905.0 1218.0
 4.0 2.5 1.5 3.7 0.3 5564.0 2528.0
 4.0 2.8 1.2 3.6 0.4 5889.0 3480.0
 4.0 2.5 1.5 3.3 0.7 5259.0 1093.0
 4.0 2.5 1.5 3.1 0.9 2667.0 1484.0
 3.0 2.8 0.2 3.0 0.0 3463.0 1400.0
 5.0 2.8 2.2 3.3 1.7 1271.0 3910.0
 4.0 2.3 1.7 3.6 0.4 3610.0 2296.0
 1.0 1.4 0.4 2.2 1.2 1376.0 736.0
 4.0 2.5 1.5 3.3 0.7 1798.0 2761.0
 3.0 1.9 1.1 3.2 0.2 1827.0 787.0
 3.0 2.9 0.1 3.7 0.7 4372.0 2288.0
 4.0 2.6 1.4 3.0 1.0 1441.0 607.0
 5.0 2.4 2.6 3.3 1.7 700.0 3147.0
 4.0 2.5 1.5 3.0 1.0 320.0 3159.0
 2.0 3.0 1.0 3.1 1.1 1836.0 1260.0
 3.0 2.5 0.5 3.9 0.9 2797.0 1616.0
 3.0 2.3 0.7 4.0 1.0 123.0 456.0
 2.0 2.4 0.4 2.7 0.7 5393.0 272.0
 4.0 2.3 1.7 3.7 0.3 3078.0 2699.0
 2.0 2.9 0.9 2.9 0.9 4927.0 1258.0
 4.0 2.6 1.4 3.4 0.6 1222.0 521.0
 4.0 3.0 1.0 3.1 0.9 709.0 2193.0
 4.0 2.6 1.4 3.1 0.9 4065.0 49.0
 3.0 2.6 0.4 2.9 0.1 5320.0 1379.0
 5.0 3.1 1.9 4.1 0.9 4903.0 231.0
 5.0 2.8 2.2 1.9 3.1 3475.0 649.0
 3.0 2.8 0.2 3.4 0.4 5579.0 646.0
 2.0 2.6 0.6 2.5 0.5 5025.0 2004.0
 5.0 2.8 2.2 3.4 1.6 132.0 592.0
 4.0 2.7 1.3 2.7 1.3 2856.0 3701.0
 4.0 3.4 0.6 3.1 0.9 868.0 1233.0
 4.0 1.8 2.2 2.3 1.7 3568.0 1125.0
 4.0 2.6 1.4 2.7 1.3 4040.0 1588.0
 4.0 3.1 0.9 3.6 0.4 5889.0 1262.0
 5.0 2.5 2.5 3.5 1.5 3945.0 586.0
 5.0 2.8 2.2 3.0 2.0 1919.0 3478.0
 3.0 2.6 0.4 3.5 0.5 300.0 523.0
 4.0 3.0 1.0 2.4 1.6 1146.0 79.0
 5.0 2.4 2.6 3.6 1.4 5645.0 2857.0
 1.0 2.5 1.5 3.3 2.3 1201.0 1572.0
 4.0 2.7 1.3 3.1 0.9 2555.0 903.0
 3.0 2.9 0.1 3.1 0.1 2375.0 1094.0
 2.0 3.0 1.0 2.3 0.3 888.0 1297.0
 4.0 2.8 1.2 4.2 0.2 2592.0 245.0
 3.0 2.4 0.6 4.1 1.1 5678.0 1214.0
 4.0 2.8 1.2 3.3 0.7 2859.0 229.0
 4.0 3.2 0.8 2.9 1.1 4343.0 1174.0
 5.0 2.3 2.7 3.2 1.8 2851.0 734.0
 3.0 2.2 0.8 3.3 0.3 1092.0 2365.0
 3.0 2.6 0.4 3.7 0.7 2496.0 3111.0
 5.0 2.8 2.2 3.7 1.3 305.0 1192.0
 3.0 3.0 0.0 2.9 0.1 3506.0 2889.0
 3.0 2.8 0.2 3.1 0.1 4960.0 857.0
 5.0 2.8 2.2 3.3 1.7 2245.0 3813.0
 3.0 1.8 1.2 3.1 0.1 3680.0 539.0
 4.0 2.6 1.4 3.5 0.5 3416.0 2288.0
 3.0 2.0 1.0 4.1 1.1 5103.0 3173.0
 4.0 2.4 1.6 3.7 0.3 3446.0 3005.0
 3.0 2.4 0.6 2.7 0.3 1623.0 3947.0
 3.0 2.9 0.1 3.2 0.2 1245.0 3167.0
 2.0 2.8 0.8 3.0 1.0 3137.0 295.0
 3.0 2.7 0.3 2.6 0.4 3179.0 588.0
 3.0 2.8 0.2 3.3 0.3 5046.0 1306.0
 3.0 2.4 0.6 3.3 0.3 2019.0 2616.0
 4.0 2.6 1.4 3.9 0.1 3438.0 2803.0
 4.0 3.0 1.0 2.9 1.1 1446.0 2541.0
 3.0 2.0 1.0 3.3 0.3 3964.0 2804.0
 3.0 2.5 0.5 3.5 0.5 2927.0 2002.0
 3.0 2.5 0.5 2.8 0.2 2809.0 2708.0

User-similarity based weighed SVD algorithm RMSE: 1.4635883068273206
Item-similarity based weighed SVD algorithm RMSE: 1.0739476747268584