 real U  UE   I  IE  tr  trE gbe gbeE  user  film
 3.0 3.0 0.0 4.0 1.0 3.8 0.8 4.0 1.0 2488.0 473.0
 5.0 3.0 2.0 4.0 1.0 3.9 1.1 4.4 0.6 5328.0 246.0
 4.0 4.0 0.0 4.0 0.0 4.2 0.2 4.5 0.5 5267.0 2803.0
 5.0 3.0 2.0 5.0 0.0 3.7 1.3 3.7 1.3 5781.0 1100.0
 3.0 2.0 1.0 5.0 2.0 3.6 0.6 4.1 1.1 475.0 1379.0
 4.0 5.0 1.0 5.0 1.0 3.7 0.3 4.0 0.0 4456.0 2967.0
 3.0 3.0 0.0 1.0 2.0 2.6 0.4 2.7 0.3 2220.0 2087.0
 3.0 1.0 2.0 1.0 2.0 2.5 0.5 2.5 0.5 3524.0 1639.0
 4.0 2.0 2.0 1.0 3.0 3.0 1.0 3.3 0.7 1108.0 2512.0
 5.0 3.0 2.0 1.0 4.0 3.7 1.3 3.7 1.3 280.0 1728.0
 3.0 1.0 2.0 3.0 0.0 2.1 0.9 3.0 0.0 5102.0 1861.0
 5.0 3.0 2.0 3.0 2.0 3.3 1.7 3.7 1.3 5579.0 3196.0
 5.0 4.0 1.0 5.0 0.0 3.9 1.1 4.3 0.7 2999.0 33.0
 4.0 4.0 0.0 4.0 0.0 4.1 0.1 4.1 0.1 2452.0 3005.0
 3.0 2.0 1.0 4.0 1.0 2.9 0.1 3.1 0.1 4498.0 1487.0
 4.0 3.0 1.0 3.0 1.0 3.9 0.1 3.9 0.1 5708.0 3103.0
 5.0 2.0 3.0 3.0 2.0 4.0 1.0 4.0 1.0 5754.0 1295.0
 4.0 5.0 1.0 2.0 2.0 3.5 0.5 3.8 0.2 5885.0 1746.0
 2.0 4.0 2.0 1.0 1.0 3.0 1.0 3.1 1.1 1674.0 2788.0
 4.0 5.0 1.0 4.0 0.0 3.8 0.2 3.8 0.2 3640.0 3509.0
 4.0 3.0 1.0 3.0 1.0 4.0 0.0 4.5 0.5 4252.0 3466.0
 4.0 4.0 0.0 2.0 2.0 3.3 0.7 3.3 0.7 6000.0 998.0
 4.0 3.0 1.0 5.0 1.0 3.9 0.1 4.5 0.5 3768.0 5.0
 4.0 4.0 0.0 5.0 1.0 3.9 0.1 4.2 0.2 4309.0 1922.0
 4.0 5.0 1.0 3.0 1.0 3.7 0.3 4.0 0.0 4652.0 3719.0
 3.0 4.0 1.0 1.0 2.0 3.7 0.7 3.8 0.8 5606.0 1579.0
 4.0 4.0 0.0 5.0 1.0 3.3 0.7 3.7 0.3 2383.0 3512.0
 5.0 5.0 0.0 1.0 4.0 4.1 0.9 4.2 0.8 4385.0 3197.0
 4.0 3.0 1.0 5.0 1.0 3.6 0.4 3.7 0.3 887.0 2393.0
 2.0 3.0 1.0 3.0 1.0 2.9 0.9 3.6 1.6 3933.0 2373.0
 2.0 2.0 0.0 1.0 1.0 2.7 0.7 3.0 1.0 283.0 881.0
 4.0 3.0 1.0 5.0 1.0 3.2 0.8 3.7 0.3 3755.0 3262.0
 3.0 3.0 0.0 4.0 1.0 4.0 1.0 4.0 1.0 4788.0 2019.0
 4.0 3.0 1.0 4.0 0.0 3.8 0.2 4.1 0.1 986.0 3295.0
 3.0 3.0 0.0 4.0 1.0 3.7 0.7 3.9 0.9 465.0 1296.0
 4.0 3.0 1.0 4.0 0.0 4.2 0.2 4.2 0.2 5733.0 1246.0
 3.0 3.0 0.0 3.0 0.0 4.2 1.2 4.3 1.3 3379.0 1227.0
 4.0 4.0 0.0 4.0 0.0 3.7 0.3 4.1 0.1 2165.0 68.0
 4.0 4.0 0.0 4.0 0.0 4.3 0.3 4.8 0.8 2495.0 902.0
 2.0 3.0 1.0 2.0 0.0 3.2 1.2 3.9 1.9 5719.0 2408.0
 5.0 5.0 0.0 3.0 2.0 4.3 0.7 5.9 0.9 5685.0 2027.0
 4.0 4.0 0.0 5.0 1.0 4.3 0.3 4.4 0.4 1136.0 1251.0
 2.0 2.0 0.0 1.0 1.0 3.5 1.5 4.7 2.7 5112.0 221.0
 4.0 3.0 1.0 1.0 3.0 4.0 0.0 4.1 0.1 2988.0 3470.0
 3.0 4.0 1.0 3.0 0.0 4.1 1.1 4.1 1.1 1598.0 3420.0
 4.0 5.0 1.0 4.0 0.0 4.6 0.6 4.7 0.7 1604.0 317.0
 3.0 3.0 0.0 1.0 2.0 3.6 0.6 3.8 0.8 545.0 523.0
 3.0 4.0 1.0 1.0 2.0 4.2 1.2 4.4 1.4 3769.0 1241.0
 4.0 1.0 3.0 3.0 1.0 3.3 0.7 3.6 0.4 868.0 493.0
 1.0 2.0 1.0 2.0 1.0 2.5 1.5 3.2 2.2 3279.0 3247.0
 4.0 5.0 1.0 4.0 0.0 4.2 0.2 4.3 0.3 5552.0 1268.0
 4.0 3.0 1.0 3.0 1.0 3.8 0.2 4.4 0.4 4864.0 2332.0
 4.0 4.0 0.0 2.0 2.0 3.8 0.2 3.9 0.1 4217.0 3792.0
 1.0 1.0 0.0 3.0 2.0 2.4 1.4 2.5 1.5 876.0 1974.0
 5.0 4.0 1.0 4.0 1.0 4.1 0.9 4.3 0.7 3504.0 923.0
 2.0 4.0 2.0 4.0 2.0 3.8 1.8 3.8 1.8 1076.0 3099.0
 5.0 5.0 0.0 1.0 4.0 4.1 0.9 4.5 0.5 1740.0 2131.0
 4.0 3.0 1.0 1.0 3.0 3.0 1.0 3.4 0.6 3390.0 531.0
 4.0 4.0 0.0 4.0 0.0 3.3 0.7 3.7 0.3 22.0 2010.0
 4.0 3.0 1.0 5.0 1.0 3.6 0.4 4.0 0.0 1811.0 1526.0
 4.0 5.0 1.0 2.0 2.0 4.0 0.0 4.6 0.6 4336.0 1959.0
 5.0 3.0 2.0 5.0 0.0 3.1 1.9 3.4 1.6 548.0 536.0
 4.0 5.0 1.0 2.0 2.0 4.1 0.1 4.3 0.3 5549.0 1200.0
 4.0 5.0 1.0 3.0 1.0 4.0 0.0 4.2 0.2 5830.0 1945.0
 2.0 3.0 1.0 4.0 2.0 4.1 2.1 4.3 2.3 3807.0 2009.0
 4.0 4.0 0.0 3.0 1.0 3.5 0.5 4.5 0.5 1763.0 2517.0
 3.0 5.0 2.0 4.0 1.0 3.9 0.9 4.5 1.5 135.0 1937.0
 5.0 5.0 0.0 3.0 2.0 4.3 0.7 4.4 0.6 3040.0 295.0
 4.0 4.0 0.0 1.0 3.0 3.9 0.1 3.9 0.1 1874.0 891.0
 5.0 5.0 0.0 2.0 3.0 4.1 0.9 4.1 0.9 1129.0 46.0
 3.0 4.0 1.0 5.0 2.0 3.5 0.5 3.8 0.8 4610.0 586.0
 3.0 2.0 1.0 2.0 1.0 3.5 0.5 4.1 1.1 2317.0 2014.0
 3.0 4.0 1.0 4.0 1.0 3.9 0.9 3.9 0.9 18.0 2661.0
 3.0 2.0 1.0 2.0 1.0 3.2 0.2 3.4 0.4 3668.0 2604.0
 3.0 2.0 1.0 3.0 0.0 2.8 0.2 3.0 0.0 850.0 195.0
 3.0 4.0 1.0 2.0 1.0 3.4 0.4 3.6 0.6 3461.0 3808.0
 5.0 2.0 3.0 5.0 0.0 3.4 1.6 3.6 1.4 3587.0 1572.0
 5.0 3.0 2.0 2.0 3.0 4.1 0.9 4.7 0.3 3289.0 1229.0
 5.0 4.0 1.0 5.0 0.0 3.6 1.4 3.9 1.1 1344.0 20.0
 3.0 3.0 0.0 4.0 1.0 3.6 0.6 4.3 1.3 4167.0 1659.0
 4.0 4.0 0.0 5.0 1.0 4.1 0.1 4.2 0.2 1845.0 799.0
 3.0 3.0 0.0 2.0 1.0 3.3 0.3 3.7 0.7 4446.0 2132.0
 1.0 1.0 0.0 2.0 1.0 3.1 2.1 3.4 2.4 2229.0 54.0
 5.0 4.0 1.0 4.0 1.0 4.1 0.9 4.5 0.5 622.0 1265.0
 3.0 3.0 0.0 3.0 0.0 3.6 0.6 4.4 1.4 1058.0 3843.0
 3.0 2.0 1.0 4.0 1.0 2.7 0.3 2.8 0.2 1398.0 3284.0
 3.0 4.0 1.0 3.0 0.0 3.2 0.2 3.8 0.8 3179.0 3613.0
 5.0 3.0 2.0 5.0 0.0 3.9 1.1 4.0 1.0 4053.0 901.0
 3.0 4.0 1.0 2.0 1.0 3.7 0.7 3.7 0.7 1283.0 2911.0
 3.0 4.0 1.0 3.0 0.0 3.7 0.7 4.0 1.0 2224.0 2242.0
 5.0 3.0 2.0 1.0 4.0 4.0 1.0 4.3 0.7 838.0 1300.0
 3.0 5.0 2.0 3.0 0.0 4.1 1.1 4.2 1.2 1775.0 1386.0
 4.0 2.0 2.0 1.0 3.0 3.5 0.5 3.9 0.1 2028.0 1746.0
 5.0 5.0 0.0 5.0 0.0 4.1 0.9 4.1 0.9 6024.0 1960.0
 3.0 4.0 1.0 2.0 1.0 4.1 1.1 4.7 1.7 924.0 3094.0
 5.0 4.0 1.0 4.0 1.0 3.8 1.2 3.9 1.1 3459.0 1465.0
 5.0 4.0 1.0 3.0 2.0 3.9 1.1 4.1 0.9 3841.0 222.0
 4.0 4.0 0.0 3.0 1.0 4.1 0.1 4.2 0.2 4004.0 1609.0
 3.0 3.0 0.0 4.0 1.0 3.8 0.8 3.9 0.9 5652.0 15.0
 3.0 3.0 0.0 1.0 2.0 2.8 0.2 3.0 0.0 1123.0 2530.0
 2.0 5.0 3.0 5.0 3.0 4.4 2.4 4.8 2.8 3996.0 1220.0
 2.0 5.0 3.0 2.0 0.0 4.1 2.1 4.4 2.4 3390.0 3005.0
 3.0 5.0 2.0 4.0 1.0 4.4 1.4 5.1 2.1 5827.0 2761.0
 2.0 2.0 0.0 3.0 1.0 3.0 1.0 3.1 1.1 3867.0 1543.0
 5.0 4.0 1.0 5.0 0.0 3.9 1.1 4.4 0.6 5446.0 1034.0
 4.0 3.0 1.0 3.0 1.0 3.0 1.0 3.3 0.7 4088.0 1973.0
 1.0 4.0 3.0 5.0 4.0 2.4 1.4 2.8 1.8 4020.0 1125.0
 3.0 1.0 2.0 4.0 1.0 3.4 0.4 3.8 0.8 2011.0 3449.0
 2.0 5.0 3.0 4.0 2.0 3.4 1.4 3.7 1.7 4507.0 2627.0
 4.0 5.0 1.0 3.0 1.0 4.1 0.1 4.1 0.1 5877.0 3577.0
 2.0 3.0 1.0 4.0 2.0 4.0 2.0 4.6 2.6 1840.0 2288.0
 4.0 4.0 0.0 5.0 1.0 3.5 0.5 4.0 0.0 3206.0 252.0
 3.0 2.0 1.0 2.0 1.0 2.9 0.1 3.1 0.1 1940.0 3849.0
 3.0 4.0 1.0 4.0 1.0 3.4 0.4 3.6 0.6 3902.0 2454.0
 5.0 4.0 1.0 4.0 1.0 4.4 0.6 4.5 0.5 5393.0 2761.0
 3.0 3.0 0.0 2.0 1.0 3.3 0.3 3.3 0.3 2856.0 3685.0
 5.0 5.0 0.0 5.0 0.0 4.1 0.9 4.7 0.3 3863.0 0.0
 4.0 4.0 0.0 2.0 2.0 3.4 0.6 3.5 0.5 3884.0 3826.0
 3.0 4.0 1.0 4.0 1.0 3.5 0.5 3.6 0.6 1485.0 3175.0
 2.0 4.0 2.0 3.0 1.0 3.2 1.2 3.3 1.3 532.0 2604.0
 1.0 3.0 2.0 1.0 0.0 3.3 2.3 3.9 2.9 4540.0 12.0
 5.0 3.0 2.0 4.0 1.0 3.9 1.1 4.3 0.7 2965.0 1967.0
 3.0 2.0 1.0 3.0 0.0 3.1 0.1 3.2 0.2 5452.0 2093.0
 5.0 3.0 2.0 4.0 1.0 4.1 0.9 4.5 0.5 3691.0 1386.0
 3.0 4.0 1.0 5.0 2.0 3.7 0.7 3.9 0.9 4609.0 2915.0
 3.0 4.0 1.0 3.0 0.0 3.3 0.3 3.3 0.3 2877.0 2375.0
 4.0 4.0 0.0 5.0 1.0 4.2 0.2 4.2 0.2 3019.0 1227.0
 4.0 3.0 1.0 5.0 1.0 3.4 0.6 3.6 0.4 3270.0 2244.0
 4.0 3.0 1.0 4.0 0.0 3.6 0.4 4.2 0.2 2164.0 3638.0
 5.0 4.0 1.0 2.0 3.0 4.0 1.0 4.4 0.6 4386.0 1934.0
 4.0 1.0 3.0 5.0 1.0 2.4 1.6 3.1 0.9 5442.0 3342.0
 4.0 3.0 1.0 3.0 1.0 3.9 0.1 4.0 0.0 5305.0 507.0
 4.0 3.0 1.0 5.0 1.0 4.0 0.0 4.0 0.0 3330.0 496.0
 2.0 3.0 1.0 2.0 0.0 2.4 0.4 2.6 0.6 2975.0 2378.0
 4.0 4.0 0.0 3.0 1.0 4.2 0.2 4.3 0.3 3662.0 1213.0
 3.0 5.0 2.0 2.0 1.0 4.1 1.1 4.2 1.2 550.0 1250.0
 5.0 5.0 0.0 5.0 0.0 3.7 1.3 3.9 1.1 3232.0 2389.0
 3.0 3.0 0.0 5.0 2.0 3.8 0.8 4.2 1.2 5761.0 10.0
 3.0 4.0 1.0 4.0 1.0 3.2 0.2 3.2 0.2 1245.0 2123.0
 4.0 3.0 1.0 4.0 0.0 4.1 0.1 4.2 0.2 720.0 1962.0
 3.0 3.0 0.0 4.0 1.0 4.0 1.0 4.0 1.0 427.0 1264.0
 5.0 4.0 1.0 5.0 0.0 4.2 0.8 4.7 0.3 883.0 1616.0
 4.0 4.0 0.0 3.0 1.0 3.8 0.2 4.4 0.4 2608.0 3498.0
 3.0 3.0 0.0 3.0 0.0 3.9 0.9 3.9 0.9 1139.0 901.0
 3.0 2.0 1.0 4.0 1.0 4.0 1.0 4.2 1.2 4735.0 1783.0
 5.0 3.0 2.0 5.0 0.0 4.1 0.9 4.3 0.7 5801.0 2009.0
 3.0 4.0 1.0 5.0 2.0 4.0 1.0 4.8 1.8 3011.0 1096.0
 4.0 3.0 1.0 3.0 1.0 4.1 0.1 4.2 0.2 3716.0 46.0
 4.0 5.0 1.0 3.0 1.0 3.9 0.1 4.0 0.0 2480.0 2715.0
 1.0 1.0 0.0 1.0 0.0 2.2 1.2 2.7 1.7 4226.0 1444.0
 5.0 3.0 2.0 4.0 1.0 3.7 1.3 4.0 1.0 25.0 2320.0
 2.0 4.0 2.0 3.0 1.0 3.5 1.5 3.5 1.5 1700.0 3297.0
 3.0 4.0 1.0 2.0 1.0 2.9 0.1 3.4 0.4 1498.0 2721.0
 4.0 2.0 2.0 3.0 1.0 3.5 0.5 3.5 0.5 3970.0 3019.0
 4.0 3.0 1.0 4.0 0.0 3.4 0.6 3.7 0.3 2664.0 3590.0
 2.0 5.0 3.0 2.0 0.0 3.9 1.9 4.5 2.5 888.0 3786.0
 2.0 4.0 2.0 1.0 1.0 3.5 1.5 4.3 2.3 3883.0 1746.0
 3.0 5.0 2.0 5.0 2.0 4.2 1.2 4.4 1.4 4264.0 1239.0
 3.0 5.0 2.0 2.0 1.0 3.8 0.8 4.6 1.6 1866.0 2699.0
 4.0 4.0 0.0 5.0 1.0 4.3 0.3 4.5 0.5 3891.0 902.0
 4.0 2.0 2.0 4.0 0.0 3.4 0.6 4.0 0.0 3824.0 3607.0
 4.0 5.0 1.0 3.0 1.0 3.2 0.8 3.5 0.5 1734.0 215.0
 3.0 4.0 1.0 5.0 2.0 3.9 0.9 3.9 0.9 1795.0 1999.0
 4.0 4.0 0.0 3.0 1.0 3.6 0.4 3.8 0.2 3578.0 1024.0
 3.0 1.0 2.0 1.0 2.0 2.6 0.4 2.9 0.1 1686.0 3384.0
 5.0 5.0 0.0 3.0 2.0 4.0 1.0 4.1 0.9 1997.0 3036.0
 5.0 3.0 2.0 5.0 0.0 4.3 0.7 4.6 0.4 3866.0 2857.0
 4.0 3.0 1.0 1.0 3.0 3.3 0.7 3.3 0.7 3803.0 2002.0
 4.0 5.0 1.0 4.0 0.0 3.8 0.2 4.0 0.0 749.0 3071.0
 3.0 3.0 0.0 2.0 1.0 3.6 0.6 4.4 1.4 1967.0 1659.0
 5.0 3.0 2.0 5.0 0.0 4.3 0.7 4.7 0.3 1622.0 2857.0
 4.0 2.0 2.0 3.0 1.0 3.7 0.3 3.8 0.2 934.0 3417.0
 5.0 4.0 1.0 2.0 3.0 4.0 1.0 4.1 0.9 647.0 1174.0
 3.0 5.0 2.0 5.0 2.0 3.4 0.4 3.4 0.4 875.0 2627.0
 3.0 3.0 0.0 3.0 0.0 3.8 0.8 4.1 1.1 2637.0 538.0
 5.0 3.0 2.0 5.0 0.0 3.8 1.2 3.8 1.2 2503.0 2699.0
 4.0 3.0 1.0 4.0 0.0 4.1 0.1 4.9 0.9 3883.0 2787.0
 5.0 4.0 1.0 4.0 1.0 4.4 0.6 4.8 0.2 2350.0 749.0
 2.0 3.0 1.0 2.0 0.0 2.5 0.5 2.5 0.5 3674.0 2003.0
 4.0 1.0 3.0 1.0 3.0 3.0 1.0 3.4 0.6 5150.0 2709.0
 2.0 4.0 2.0 3.0 1.0 3.6 1.6 3.8 1.8 2091.0 2869.0
 5.0 4.0 1.0 5.0 0.0 4.5 0.5 4.9 0.1 3293.0 1197.0
 4.0 4.0 0.0 4.0 0.0 4.1 0.1 4.2 0.2 5086.0 1536.0
 4.0 2.0 2.0 4.0 0.0 3.2 0.8 3.3 0.7 1398.0 3622.0
 3.0 3.0 0.0 5.0 2.0 2.7 0.3 3.1 0.1 1077.0 3115.0
 2.0 4.0 2.0 5.0 3.0 3.9 1.9 4.0 2.0 4931.0 552.0
 5.0 3.0 2.0 3.0 2.0 3.5 1.5 3.7 1.3 7.0 162.0
 5.0 5.0 0.0 3.0 2.0 3.2 1.8 3.2 1.8 4901.0 2150.0
 4.0 3.0 1.0 4.0 0.0 3.0 1.0 3.3 0.7 5363.0 1716.0
 3.0 2.0 1.0 3.0 0.0 2.6 0.4 2.8 0.2 6001.0 3112.0
 5.0 1.0 4.0 4.0 1.0 4.1 0.9 4.2 0.8 2930.0 3082.0
 5.0 4.0 1.0 5.0 0.0 4.2 0.8 4.6 0.4 2286.0 1241.0
 2.0 3.0 1.0 4.0 2.0 3.4 1.4 3.7 1.7 1280.0 3449.0
 3.0 4.0 1.0 3.0 0.0 3.7 0.7 3.9 0.9 5157.0 3623.0
 3.0 4.0 1.0 3.0 0.0 3.5 0.5 3.9 0.9 3545.0 2158.0
 5.0 3.0 2.0 4.0 1.0 2.7 2.3 3.6 1.4 2982.0 8.0
 4.0 4.0 0.0 5.0 1.0 3.9 0.1 4.4 0.4 3589.0 1072.0
 3.0 3.0 0.0 4.0 1.0 3.7 0.7 3.7 0.7 4654.0 2320.0
 4.0 3.0 1.0 5.0 1.0 3.8 0.2 4.2 0.2 5447.0 2079.0
 5.0 3.0 2.0 3.0 2.0 4.1 0.9 4.5 0.5 4801.0 2611.0
 5.0 5.0 0.0 5.0 0.0 4.0 1.0 4.1 0.9 3317.0 1096.0
 4.0 3.0 1.0 3.0 1.0 3.6 0.4 3.9 0.1 3781.0 2370.0
 4.0 1.0 3.0 5.0 1.0 3.9 0.1 3.9 0.1 2861.0 3544.0
 5.0 5.0 0.0 5.0 0.0 3.6 1.4 3.9 1.1 5034.0 1379.0
 3.0 4.0 1.0 3.0 0.0 3.5 0.5 3.6 0.6 1732.0 2073.0
 5.0 5.0 0.0 4.0 1.0 4.3 0.7 4.7 0.3 4032.0 1171.0
 4.0 1.0 3.0 4.0 0.0 3.5 0.5 3.9 0.1 21.0 179.0
 4.0 4.0 0.0 4.0 0.0 3.5 0.5 3.8 0.2 4519.0 252.0
 3.0 4.0 1.0 5.0 2.0 3.8 0.8 4.2 1.2 5995.0 3792.0
 4.0 3.0 1.0 4.0 0.0 3.9 0.1 3.9 0.1 1273.0 81.0
 4.0 3.0 1.0 4.0 0.0 4.1 0.1 4.4 0.4 5554.0 1221.0
 5.0 3.0 2.0 4.0 1.0 4.0 1.0 4.0 1.0 1915.0 3200.0
 3.0 4.0 1.0 4.0 1.0 3.3 0.3 3.6 0.6 441.0 2024.0
 2.0 3.0 1.0 5.0 3.0 3.4 1.4 3.5 1.5 898.0 542.0
 3.0 1.0 2.0 2.0 1.0 1.9 1.1 2.1 0.9 1682.0 3391.0
 4.0 3.0 1.0 2.0 2.0 4.1 0.1 4.3 0.3 791.0 28.0
 3.0 1.0 2.0 1.0 2.0 3.3 0.3 4.1 1.1 3820.0 2024.0
 3.0 4.0 1.0 4.0 1.0 3.2 0.2 3.5 0.5 3661.0 2780.0
 5.0 3.0 2.0 5.0 0.0 3.7 1.3 4.0 1.0 2528.0 1906.0
 3.0 3.0 0.0 3.0 0.0 3.3 0.3 3.7 0.7 5089.0 1129.0
 4.0 4.0 0.0 1.0 3.0 3.9 0.1 4.6 0.6 2317.0 2070.0
 4.0 1.0 3.0 1.0 3.0 3.3 0.7 3.3 0.7 4625.0 1710.0
 4.0 2.0 2.0 5.0 1.0 3.2 0.8 3.3 0.7 3417.0 2336.0
 5.0 4.0 1.0 5.0 0.0 4.1 0.9 4.3 0.7 1333.0 588.0
 3.0 3.0 0.0 3.0 0.0 3.1 0.1 3.6 0.6 4802.0 3156.0
 5.0 4.0 1.0 5.0 0.0 4.3 0.7 4.7 0.3 2213.0 1135.0
 3.0 4.0 1.0 3.0 0.0 4.3 1.3 4.4 1.4 1136.0 1195.0
 4.0 1.0 3.0 3.0 1.0 2.3 1.7 2.4 1.6 1598.0 173.0
 4.0 4.0 0.0 3.0 1.0 4.1 0.1 4.4 0.4 4634.0 2917.0
 5.0 3.0 2.0 5.0 0.0 3.7 1.3 4.1 0.9 5985.0 3460.0
 4.0 4.0 0.0 4.0 0.0 3.0 1.0 3.1 0.9 4746.0 2698.0
 3.0 2.0 1.0 1.0 2.0 2.8 0.2 2.9 0.1 698.0 608.0
 4.0 5.0 1.0 3.0 1.0 4.1 0.1 4.6 0.6 4790.0 1229.0
 3.0 5.0 2.0 5.0 2.0 3.8 0.8 5.0 2.0 1607.0 3158.0
 3.0 4.0 1.0 4.0 1.0 3.6 0.6 3.7 0.7 36.0 1720.0
 5.0 4.0 1.0 4.0 1.0 4.2 0.8 4.5 0.5 548.0 1239.0
 3.0 3.0 0.0 2.0 1.0 3.6 0.6 3.8 0.8 4321.0 1809.0
 5.0 4.0 1.0 3.0 2.0 3.7 1.3 4.1 0.9 1852.0 2592.0
 4.0 4.0 0.0 1.0 3.0 3.4 0.6 3.7 0.3 5794.0 3705.0
 5.0 4.0 1.0 3.0 2.0 4.0 1.0 4.0 1.0 5938.0 1248.0
 1.0 3.0 2.0 2.0 1.0 2.9 1.9 3.9 2.9 1149.0 2039.0
 5.0 4.0 1.0 3.0 2.0 4.0 1.0 4.5 0.5 58.0 919.0
 1.0 2.0 1.0 3.0 2.0 3.0 2.0 4.1 3.1 2795.0 2614.0
 3.0 4.0 1.0 5.0 2.0 3.2 0.2 3.5 0.5 2415.0 3622.0
 5.0 3.0 2.0 1.0 4.0 3.8 1.2 3.9 1.1 1210.0 2643.0
 3.0 4.0 1.0 4.0 1.0 4.1 1.1 4.2 1.2 4489.0 1035.0
 3.0 3.0 0.0 4.0 1.0 3.0 0.0 3.0 0.0 865.0 47.0
 5.0 4.0 1.0 4.0 1.0 4.1 0.9 4.2 0.8 5493.0 1229.0
 4.0 4.0 0.0 4.0 0.0 3.7 0.3 3.9 0.1 5911.0 2143.0
 5.0 4.0 1.0 4.0 1.0 4.4 0.6 4.4 0.6 1412.0 592.0
 3.0 2.0 1.0 4.0 1.0 2.6 0.4 3.2 0.2 4376.0 2169.0
 5.0 5.0 0.0 5.0 0.0 3.9 1.1 4.0 1.0 1363.0 33.0
 3.0 3.0 0.0 3.0 0.0 3.8 0.8 3.9 0.9 5666.0 3551.0
 4.0 3.0 1.0 5.0 1.0 3.5 0.5 4.4 0.4 713.0 9.0
 4.0 1.0 3.0 4.0 0.0 4.0 0.0 4.1 0.1 1611.0 2950.0
 3.0 4.0 1.0 3.0 0.0 4.1 1.1 4.2 1.2 802.0 1293.0
 3.0 4.0 1.0 4.0 1.0 3.6 0.6 3.7 0.7 1456.0 492.0
 3.0 3.0 0.0 3.0 0.0 3.3 0.3 3.7 0.7 933.0 366.0
 4.0 2.0 2.0 1.0 3.0 3.0 1.0 4.0 0.0 4703.0 1362.0
 5.0 4.0 1.0 5.0 0.0 4.3 0.7 4.5 0.5 4117.0 2027.0
 3.0 4.0 1.0 4.0 1.0 3.8 0.8 3.8 0.8 1504.0 2075.0
 1.0 3.0 2.0 1.0 0.0 2.9 1.9 2.9 1.9 921.0 515.0
 4.0 1.0 3.0 3.0 1.0 3.0 1.0 3.1 0.9 2014.0 2512.0
 3.0 3.0 0.0 4.0 1.0 4.1 1.1 4.3 1.3 3745.0 1290.0
 3.0 3.0 0.0 3.0 0.0 3.3 0.3 3.6 0.6 4822.0 2835.0
 2.0 3.0 1.0 3.0 1.0 2.6 0.6 2.8 0.8 1801.0 3353.0
 3.0 1.0 2.0 4.0 1.0 3.7 0.7 4.0 1.0 2996.0 1093.0
 5.0 4.0 1.0 3.0 2.0 4.0 1.0 4.5 0.5 5544.0 2916.0
 2.0 4.0 2.0 1.0 1.0 3.7 1.7 3.7 1.7 1021.0 3162.0
 4.0 3.0 1.0 3.0 1.0 3.8 0.2 3.9 0.1 61.0 1634.0
 5.0 3.0 2.0 3.0 2.0 3.9 1.1 4.4 0.6 5047.0 3067.0
 3.0 3.0 0.0 4.0 1.0 3.7 0.7 3.8 0.8 4419.0 2743.0
 1.0 1.0 0.0 3.0 2.0 3.2 2.2 3.8 2.8 979.0 3622.0
 3.0 4.0 1.0 2.0 1.0 3.7 0.7 4.0 1.0 4891.0 1018.0
 5.0 1.0 4.0 2.0 3.0 3.7 1.3 3.8 1.2 5531.0 68.0
 5.0 5.0 0.0 1.0 4.0 3.9 1.1 4.1 0.9 2785.0 3245.0
 4.0 4.0 0.0 1.0 3.0 3.4 0.6 3.5 0.5 578.0 1374.0
 3.0 3.0 0.0 2.0 1.0 4.1 1.1 4.3 1.3 2471.0 2996.0
 4.0 4.0 0.0 1.0 3.0 3.6 0.4 3.7 0.3 4087.0 232.0
 4.0 1.0 3.0 1.0 3.0 2.4 1.6 2.4 1.6 40.0 2718.0
 3.0 5.0 2.0 3.0 0.0 3.6 0.6 3.7 0.7 4138.0 2005.0
 3.0 5.0 2.0 4.0 1.0 3.7 0.7 4.0 1.0 3929.0 2139.0
 4.0 3.0 1.0 4.0 0.0 3.7 0.3 4.1 0.1 675.0 2108.0
 5.0 2.0 3.0 3.0 2.0 2.3 2.7 3.5 1.5 3031.0 1986.0
 4.0 4.0 0.0 3.0 1.0 3.3 0.7 4.3 0.3 2101.0 3797.0
 5.0 5.0 0.0 4.0 1.0 4.1 0.9 4.3 0.7 1747.0 1089.0
 3.0 3.0 0.0 4.0 1.0 4.3 1.3 4.9 1.9 980.0 1251.0
 5.0 3.0 2.0 4.0 1.0 3.7 1.3 3.7 1.3 2452.0 2911.0
 3.0 5.0 2.0 4.0 1.0 3.7 0.7 3.9 0.9 5697.0 160.0
 2.0 5.0 3.0 3.0 1.0 3.4 1.4 3.9 1.9 5899.0 265.0
 4.0 4.0 0.0 2.0 2.0 4.4 0.4 4.5 0.5 4614.0 592.0
 5.0 4.0 1.0 4.0 1.0 3.1 1.9 3.2 1.8 2660.0 585.0
 1.0 1.0 0.0 1.0 0.0 1.0 0.0 1.5 0.5 1469.0 3311.0
 5.0 2.0 3.0 5.0 0.0 3.8 1.2 4.2 0.8 668.0 3551.0
 4.0 5.0 1.0 4.0 0.0 3.9 0.1 4.2 0.2 2566.0 1219.0
 3.0 3.0 0.0 4.0 1.0 3.8 0.8 4.2 1.2 5056.0 3509.0
 3.0 3.0 0.0 1.0 2.0 3.2 0.2 3.2 0.2 2280.0 2671.0
 4.0 4.0 0.0 5.0 1.0 4.2 0.2 4.3 0.3 3984.0 1616.0
 5.0 5.0 0.0 3.0 2.0 4.3 0.7 4.8 0.2 5604.0 2323.0
 4.0 4.0 0.0 5.0 1.0 3.9 0.1 4.3 0.3 2303.0 31.0
 3.0 1.0 2.0 4.0 1.0 3.7 0.7 4.0 1.0 2124.0 2986.0
 4.0 2.0 2.0 3.0 1.0 3.4 0.6 3.9 0.1 5328.0 2866.0
 2.0 4.0 2.0 5.0 3.0 4.1 2.1 4.2 2.2 4113.0 2299.0
 5.0 4.0 1.0 4.0 1.0 4.2 0.8 4.3 0.7 3019.0 2803.0
 4.0 5.0 1.0 5.0 1.0 3.5 0.5 4.0 0.0 5844.0 2629.0
 4.0 2.0 2.0 1.0 3.0 3.1 0.9 4.1 0.1 2105.0 1497.0
 2.0 4.0 2.0 5.0 3.0 4.1 2.1 4.3 2.3 1709.0 0.0
 1.0 2.0 1.0 1.0 0.0 3.4 2.4 3.5 2.5 4343.0 1588.0
 3.0 2.0 1.0 3.0 0.0 2.1 0.9 2.3 0.7 3728.0 2567.0
 4.0 5.0 1.0 3.0 1.0 4.5 0.5 4.7 0.7 4764.0 1177.0
 5.0 4.0 1.0 5.0 0.0 4.1 0.9 4.1 0.9 203.0 588.0
 3.0 4.0 1.0 4.0 1.0 4.2 1.2 4.4 1.4 1684.0 953.0
 4.0 4.0 0.0 3.0 1.0 3.7 0.3 4.2 0.2 3202.0 3535.0
 4.0 4.0 0.0 3.0 1.0 3.5 0.5 3.9 0.1 5316.0 2406.0
 2.0 4.0 2.0 2.0 0.0 2.9 0.9 3.2 1.2 5852.0 1390.0
 4.0 5.0 1.0 5.0 1.0 4.1 0.1 4.2 0.2 4486.0 456.0
 5.0 4.0 1.0 1.0 4.0 4.2 0.8 4.5 0.5 5851.0 677.0
 2.0 2.0 0.0 2.0 0.0 2.6 0.6 2.8 0.8 4590.0 2410.0
 5.0 4.0 1.0 4.0 1.0 4.3 0.7 4.5 0.5 3299.0 1130.0
 2.0 3.0 1.0 4.0 2.0 3.5 1.5 4.2 2.2 4361.0 2639.0
 2.0 3.0 1.0 3.0 1.0 3.5 1.5 3.6 1.6 3692.0 1041.0
 4.0 3.0 1.0 4.0 0.0 3.1 0.9 3.5 0.5 3991.0 2246.0
 5.0 2.0 3.0 2.0 3.0 4.0 1.0 4.2 0.8 5705.0 1242.0
 3.0 3.0 0.0 3.0 0.0 2.5 0.5 2.6 0.4 934.0 359.0
 4.0 3.0 1.0 3.0 1.0 3.3 0.7 3.4 0.6 4831.0 3477.0
 3.0 1.0 2.0 1.0 2.0 2.7 0.3 2.8 0.2 2244.0 3272.0
 2.0 3.0 1.0 3.0 1.0 2.9 0.9 3.6 1.6 1635.0 2804.0
 1.0 4.0 3.0 4.0 3.0 3.5 2.5 3.6 2.6 4867.0 3173.0
 3.0 4.0 1.0 1.0 2.0 3.4 0.4 3.5 0.5 3503.0 2538.0
 5.0 4.0 1.0 3.0 2.0 3.3 1.7 3.5 1.5 3712.0 235.0
 4.0 5.0 1.0 4.0 0.0 4.0 0.0 4.2 0.2 307.0 2790.0
 3.0 1.0 2.0 1.0 2.0 2.1 0.9 2.1 0.9 4293.0 2827.0
 2.0 2.0 0.0 2.0 0.0 2.6 0.6 2.8 0.8 3806.0 1830.0
 4.0 2.0 2.0 5.0 1.0 2.6 1.4 3.4 0.6 1409.0 3922.0
 5.0 4.0 1.0 5.0 0.0 3.1 1.9 3.2 1.8 876.0 1675.0
 4.0 4.0 0.0 4.0 0.0 4.0 0.0 4.4 0.4 4020.0 2943.0
 2.0 4.0 2.0 2.0 0.0 2.9 0.9 3.0 1.0 4180.0 2804.0
 5.0 4.0 1.0 5.0 0.0 2.6 2.4 4.3 0.7 3901.0 326.0
 3.0 3.0 0.0 5.0 2.0 3.4 0.4 3.5 0.5 4057.0 349.0
 3.0 4.0 1.0 5.0 2.0 3.4 0.4 4.2 1.2 3557.0 707.0
 3.0 4.0 1.0 2.0 1.0 3.8 0.8 4.5 1.5 1840.0 2501.0
 4.0 4.0 0.0 4.0 0.0 3.9 0.1 3.9 0.1 1898.0 2284.0
 5.0 4.0 1.0 4.0 1.0 3.7 1.3 3.8 1.2 4346.0 3752.0
 2.0 3.0 1.0 5.0 3.0 2.2 0.2 2.5 0.5 1657.0 2547.0
 4.0 4.0 0.0 3.0 1.0 4.5 0.5 5.1 1.1 5324.0 903.0
 4.0 3.0 1.0 3.0 1.0 3.7 0.3 4.1 0.1 3823.0 550.0
 5.0 5.0 0.0 5.0 0.0 4.5 0.5 4.6 0.4 2896.0 526.0
 5.0 4.0 1.0 3.0 2.0 4.0 1.0 4.1 0.9 5523.0 2205.0
 5.0 3.0 2.0 1.0 4.0 3.4 1.6 4.0 1.0 1482.0 647.0
 2.0 5.0 3.0 2.0 0.0 2.7 0.7 3.1 1.1 1640.0 2106.0
 4.0 4.0 0.0 5.0 1.0 4.1 0.1 4.4 0.4 4115.0 1035.0
 3.0 3.0 0.0 3.0 0.0 4.1 1.1 4.9 1.9 2329.0 1290.0
 5.0 4.0 1.0 4.0 1.0 3.9 1.1 4.2 0.8 1119.0 901.0
 2.0 3.0 1.0 3.0 1.0 3.5 1.5 4.0 2.0 3751.0 2293.0
 4.0 3.0 1.0 4.0 0.0 3.4 0.6 3.5 0.5 3023.0 1458.0
 5.0 2.0 3.0 3.0 2.0 4.1 0.9 4.3 0.7 4505.0 3740.0
 2.0 1.0 1.0 2.0 0.0 3.3 1.3 4.1 2.1 244.0 2656.0
 3.0 3.0 0.0 3.0 0.0 3.8 0.8 3.8 0.8 2257.0 917.0
 4.0 3.0 1.0 3.0 1.0 3.8 0.2 3.9 0.1 1343.0 3071.0
 4.0 4.0 0.0 2.0 2.0 2.9 1.1 3.2 0.8 2742.0 3256.0
 4.0 3.0 1.0 4.0 0.0 4.1 0.1 4.2 0.2 525.0 3264.0
 3.0 3.0 0.0 3.0 0.0 3.4 0.4 3.6 0.6 3299.0 2526.0
 5.0 5.0 0.0 4.0 1.0 4.0 1.0 4.0 1.0 4771.0 1269.0
 4.0 4.0 0.0 4.0 0.0 3.9 0.1 4.0 0.0 3836.0 507.0
 4.0 4.0 0.0 4.0 0.0 4.2 0.2 4.8 0.8 3539.0 245.0
 2.0 4.0 2.0 2.0 0.0 3.1 1.1 3.3 1.3 4956.0 2801.0
 3.0 5.0 2.0 5.0 2.0 3.9 0.9 4.3 1.3 4277.0 554.0
 4.0 3.0 1.0 4.0 0.0 3.3 0.7 3.7 0.3 582.0 1565.0
 5.0 4.0 1.0 5.0 0.0 4.5 0.5 4.7 0.3 2847.0 744.0
 4.0 5.0 1.0 5.0 1.0 3.8 0.2 4.6 0.6 4504.0 3270.0
 3.0 5.0 2.0 4.0 1.0 3.4 0.4 3.8 0.8 2502.0 3523.0
 4.0 4.0 0.0 3.0 1.0 4.4 0.4 5.0 1.0 5626.0 1222.0
 1.0 3.0 2.0 1.0 0.0 2.2 1.2 2.7 1.7 4226.0 879.0
 4.0 4.0 0.0 5.0 1.0 3.8 0.2 4.3 0.3 2884.0 479.0
 2.0 3.0 1.0 3.0 1.0 3.1 1.1 3.4 1.4 3928.0 2941.0
 3.0 5.0 2.0 3.0 0.0 4.0 1.0 4.1 1.1 4080.0 3361.0
 1.0 2.0 1.0 1.0 0.0 3.2 2.2 3.2 2.2 3096.0 2408.0
 5.0 5.0 0.0 4.0 1.0 3.9 1.1 4.0 1.0 1210.0 3159.0
 5.0 5.0 0.0 4.0 1.0 3.9 1.1 5.0 0.0 493.0 1219.0
 5.0 5.0 0.0 5.0 0.0 4.0 1.0 4.6 0.4 1305.0 3470.0
 4.0 2.0 2.0 5.0 1.0 3.3 0.7 4.1 0.1 4374.0 1338.0
 4.0 5.0 1.0 3.0 1.0 4.1 0.1 4.1 0.1 1353.0 2958.0
 4.0 3.0 1.0 5.0 1.0 4.2 0.2 4.6 0.6 1706.0 1616.0
 3.0 4.0 1.0 3.0 0.0 4.0 1.0 4.2 1.2 5417.0 3361.0
 4.0 4.0 0.0 4.0 0.0 3.2 0.8 3.3 0.7 237.0 2711.0
 2.0 5.0 3.0 3.0 1.0 4.0 2.0 4.4 2.4 5089.0 942.0
 4.0 1.0 3.0 4.0 0.0 3.6 0.4 3.7 0.3 1298.0 2084.0
 5.0 3.0 2.0 4.0 1.0 3.7 1.3 4.3 0.7 474.0 2108.0
 5.0 3.0 2.0 2.0 3.0 3.2 1.8 3.5 1.5 3468.0 3711.0
 4.0 5.0 1.0 4.0 0.0 3.1 0.9 3.1 0.9 4964.0 2093.0
 1.0 1.0 0.0 3.0 2.0 2.7 1.7 2.8 1.8 4352.0 3483.0
 4.0 4.0 0.0 4.0 0.0 4.3 0.3 4.4 0.4 923.0 1171.0
 3.0 4.0 1.0 3.0 0.0 3.2 0.2 3.2 0.2 709.0 2604.0
 2.0 4.0 2.0 4.0 2.0 3.8 1.8 3.8 1.8 5428.0 2394.0
 4.0 2.0 2.0 2.0 2.0 3.7 0.3 3.7 0.3 957.0 3265.0
 4.0 3.0 1.0 2.0 2.0 3.2 0.8 3.4 0.6 481.0 3637.0
 4.0 5.0 1.0 5.0 1.0 4.1 0.1 4.4 0.4 1394.0 740.0
 4.0 5.0 1.0 4.0 0.0 3.9 0.1 3.9 0.1 2453.0 3395.0
 3.0 2.0 1.0 3.0 0.0 3.5 0.5 3.7 0.7 2483.0 955.0
 5.0 5.0 0.0 3.0 2.0 4.0 1.0 4.2 0.8 3728.0 1209.0
 4.0 1.0 3.0 2.0 2.0 3.4 0.6 3.5 0.5 4591.0 2413.0
 5.0 4.0 1.0 4.0 1.0 4.4 0.6 4.5 0.5 5393.0 2761.0
 5.0 5.0 0.0 4.0 1.0 4.1 0.9 4.9 0.1 2312.0 923.0
 2.0 3.0 1.0 4.0 2.0 3.5 1.5 3.8 1.8 5594.0 2166.0
 2.0 3.0 1.0 2.0 0.0 2.4 0.4 2.5 0.5 5811.0 2378.0
 5.0 5.0 0.0 2.0 3.0 4.3 0.7 4.9 0.1 2204.0 1223.0
 5.0 3.0 2.0 3.0 2.0 2.1 2.9 2.6 2.4 874.0 254.0
 5.0 4.0 1.0 4.0 1.0 4.5 0.5 4.5 0.5 506.0 1211.0
 3.0 4.0 1.0 3.0 0.0 4.0 1.0 4.6 1.6 1853.0 1245.0
 4.0 4.0 0.0 4.0 0.0 4.2 0.2 4.3 0.3 3312.0 1357.0
 5.0 3.0 2.0 4.0 1.0 3.4 1.6 3.8 1.2 3100.0 2104.0
 5.0 3.0 2.0 4.0 1.0 4.0 1.0 4.5 0.5 5892.0 1570.0
 4.0 3.0 1.0 1.0 3.0 3.4 0.6 4.0 0.0 1370.0 1588.0
 5.0 5.0 0.0 5.0 0.0 4.4 0.6 5.1 0.1 2329.0 907.0
 2.0 1.0 1.0 3.0 1.0 2.5 0.5 3.1 1.1 568.0 484.0
 3.0 2.0 1.0 4.0 1.0 3.3 0.3 4.0 1.0 4212.0 2745.0
 4.0 1.0 3.0 4.0 0.0 3.9 0.1 3.9 0.1 2871.0 264.0
 2.0 3.0 1.0 4.0 2.0 3.5 1.5 3.6 1.6 628.0 3892.0
 2.0 4.0 2.0 3.0 1.0 3.5 1.5 3.6 1.6 5999.0 1776.0
 4.0 2.0 2.0 5.0 1.0 3.7 0.3 4.0 0.0 3521.0 3867.0
 2.0 2.0 0.0 2.0 0.0 2.4 0.4 2.5 0.5 1732.0 3708.0
 3.0 3.0 0.0 5.0 2.0 3.3 0.3 3.4 0.4 2904.0 2010.0
 3.0 3.0 0.0 4.0 1.0 2.1 0.9 2.4 0.6 3618.0 3237.0
 4.0 4.0 0.0 5.0 1.0 3.9 0.1 4.0 0.0 3905.0 3103.0
 4.0 1.0 3.0 3.0 1.0 4.3 0.3 4.3 0.3 2037.0 929.0
 3.0 4.0 1.0 4.0 1.0 3.8 0.8 3.8 0.8 3133.0 473.0
 1.0 3.0 2.0 3.0 2.0 2.3 1.3 3.0 2.0 795.0 3945.0
 5.0 2.0 3.0 5.0 0.0 4.3 0.7 4.6 0.4 6010.0 2570.0
 1.0 3.0 2.0 2.0 1.0 3.1 2.1 3.5 2.5 1640.0 425.0
 5.0 3.0 2.0 3.0 2.0 3.4 1.6 4.6 0.4 3031.0 1377.0
 3.0 3.0 0.0 3.0 0.0 3.1 0.1 3.6 0.6 3030.0 3524.0
 5.0 4.0 1.0 5.0 0.0 4.0 1.0 4.3 0.7 548.0 3734.0
 3.0 4.0 1.0 4.0 1.0 4.2 1.2 4.5 1.5 701.0 1241.0
 4.0 3.0 1.0 3.0 1.0 3.5 0.5 3.5 0.5 4237.0 3019.0
 3.0 5.0 2.0 3.0 0.0 3.4 0.4 3.5 0.5 3984.0 3250.0
 4.0 5.0 1.0 3.0 1.0 3.8 0.2 4.3 0.3 5482.0 1677.0
 4.0 3.0 1.0 4.0 0.0 3.4 0.6 3.5 0.5 4343.0 480.0
 3.0 4.0 1.0 3.0 0.0 3.2 0.2 3.6 0.6 4082.0 2580.0
 5.0 2.0 3.0 5.0 0.0 3.8 1.2 4.6 0.4 1982.0 1747.0
 5.0 4.0 1.0 2.0 3.0 3.9 1.1 4.0 1.0 5358.0 3750.0
 5.0 4.0 1.0 3.0 2.0 4.0 1.0 4.2 0.8 3492.0 3653.0
 2.0 2.0 0.0 4.0 2.0 3.5 1.5 3.6 1.6 4057.0 3698.0
 5.0 5.0 0.0 4.0 1.0 3.9 1.1 4.3 0.7 5429.0 594.0
 4.0 2.0 2.0 4.0 0.0 3.4 0.6 3.9 0.1 3713.0 480.0
 1.0 1.0 0.0 3.0 2.0 2.2 1.2 2.3 1.3 1243.0 838.0
 4.0 3.0 1.0 4.0 0.0 4.0 0.0 4.0 0.0 4734.0 3061.0
 4.0 4.0 0.0 4.0 0.0 4.2 0.2 4.6 0.6 5276.0 2691.0
 3.0 3.0 0.0 5.0 2.0 3.7 0.7 3.7 0.7 1775.0 3417.0
 5.0 4.0 1.0 4.0 1.0 4.3 0.7 4.4 0.6 2076.0 1202.0
 5.0 3.0 2.0 4.0 1.0 4.2 0.8 4.6 0.4 1740.0 3729.0
 4.0 5.0 1.0 4.0 0.0 4.5 0.5 4.7 0.7 3145.0 526.0
 5.0 4.0 1.0 4.0 1.0 4.3 0.7 4.9 0.1 3209.0 607.0
 4.0 4.0 0.0 3.0 1.0 3.8 0.2 4.2 0.2 2179.0 473.0
 5.0 4.0 1.0 3.0 2.0 4.5 0.5 4.8 0.2 600.0 49.0
 4.0 3.0 1.0 1.0 3.0 3.3 0.7 3.6 0.4 3016.0 3616.0
 3.0 3.0 0.0 4.0 1.0 2.9 0.1 3.0 0.0 903.0 184.0
 3.0 1.0 2.0 3.0 0.0 3.2 0.2 3.6 0.6 1447.0 224.0
 4.0 5.0 1.0 2.0 2.0 3.7 0.3 3.8 0.2 39.0 1126.0
 4.0 4.0 0.0 4.0 0.0 3.4 0.6 3.6 0.4 465.0 2200.0
 3.0 3.0 0.0 4.0 1.0 2.3 0.7 2.7 0.3 3502.0 2148.0
 4.0 4.0 0.0 2.0 2.0 3.6 0.4 3.7 0.3 3767.0 51.0
 3.0 3.0 0.0 1.0 2.0 3.4 0.4 3.7 0.7 2185.0 1721.0
 5.0 2.0 3.0 5.0 0.0 3.5 1.5 4.1 0.9 3419.0 3260.0
 4.0 3.0 1.0 5.0 1.0 4.2 0.2 4.6 0.6 2780.0 927.0
 5.0 4.0 1.0 4.0 1.0 3.9 1.1 4.1 0.9 4481.0 3018.0
 4.0 3.0 1.0 4.0 0.0 4.1 0.1 4.1 0.1 5017.0 2131.0
 3.0 4.0 1.0 4.0 1.0 3.6 0.6 3.8 0.8 1638.0 20.0
 4.0 4.0 0.0 3.0 1.0 3.4 0.6 3.4 0.6 3677.0 2104.0
 2.0 4.0 2.0 2.0 0.0 2.3 0.3 2.4 0.4 1341.0 2148.0
 3.0 4.0 1.0 4.0 1.0 4.2 1.2 4.6 1.6 3593.0 1303.0
 5.0 3.0 2.0 4.0 1.0 3.7 1.3 3.9 1.1 5263.0 1579.0
 2.0 4.0 2.0 5.0 3.0 3.4 1.4 3.4 1.4 3835.0 647.0
 2.0 3.0 1.0 2.0 0.0 3.7 1.7 3.9 1.9 1671.0 2911.0
 4.0 2.0 2.0 3.0 1.0 3.3 0.7 3.5 0.5 1801.0 3408.0
 5.0 5.0 0.0 5.0 0.0 4.2 0.8 4.2 0.8 1248.0 1239.0
 1.0 4.0 3.0 1.0 0.0 4.0 3.0 4.2 3.2 5327.0 777.0
 2.0 4.0 2.0 2.0 0.0 2.9 0.9 3.0 1.0 2925.0 2503.0
 4.0 2.0 2.0 2.0 2.0 3.5 0.5 3.8 0.2 4889.0 1908.0
 3.0 1.0 2.0 4.0 1.0 2.5 0.5 2.6 0.4 3858.0 19.0
 5.0 5.0 0.0 5.0 0.0 4.5 0.5 4.6 0.4 2927.0 857.0
 3.0 3.0 0.0 1.0 2.0 2.9 0.1 3.1 0.1 949.0 184.0
 4.0 2.0 2.0 5.0 1.0 3.5 0.5 4.0 0.0 1447.0 1091.0
 2.0 2.0 0.0 5.0 3.0 3.4 1.4 3.7 1.7 1302.0 3754.0
 3.0 3.0 0.0 4.0 1.0 3.7 0.7 4.0 1.0 1382.0 2365.0
 4.0 2.0 2.0 4.0 0.0 3.8 0.2 4.1 0.1 2833.0 3547.0
 3.0 3.0 0.0 3.0 0.0 4.4 1.4 4.7 1.7 4025.0 1249.0
 4.0 4.0 0.0 4.0 0.0 3.6 0.4 4.0 0.0 4155.0 3634.0
 3.0 4.0 1.0 2.0 1.0 3.7 0.7 4.1 1.1 3617.0 1950.0
 2.0 1.0 1.0 2.0 0.0 2.8 0.8 2.9 0.9 3050.0 3824.0
 5.0 3.0 2.0 4.0 1.0 3.6 1.4 3.7 1.3 3640.0 387.0
 5.0 5.0 0.0 1.0 4.0 3.3 1.7 4.0 1.0 1240.0 3866.0
 3.0 3.0 0.0 3.0 0.0 3.8 0.8 3.8 0.8 3308.0 1284.0
 2.0 2.0 0.0 2.0 0.0 3.3 1.3 3.6 1.6 1382.0 3193.0
 3.0 2.0 1.0 3.0 0.0 3.2 0.2 3.3 0.3 2418.0 1134.0
 4.0 3.0 1.0 4.0 0.0 3.8 0.2 3.8 0.2 5110.0 1320.0
 3.0 4.0 1.0 3.0 0.0 3.7 0.7 4.1 1.1 1376.0 732.0
 5.0 4.0 1.0 4.0 1.0 4.4 0.6 4.6 0.4 5179.0 912.0
 1.0 3.0 2.0 4.0 3.0 2.1 1.1 2.2 1.2 4278.0 2449.0
 3.0 4.0 1.0 4.0 1.0 4.4 1.4 4.8 1.8 2187.0 1192.0
 3.0 4.0 1.0 2.0 1.0 3.6 0.6 4.1 1.1 3568.0 2290.0
 5.0 4.0 1.0 4.0 1.0 3.1 1.9 3.8 1.2 3834.0 1436.0
 4.0 3.0 1.0 3.0 1.0 3.7 0.3 4.0 0.0 1382.0 347.0
 5.0 5.0 0.0 4.0 1.0 4.1 0.9 4.6 0.4 4083.0 1205.0
 5.0 5.0 0.0 5.0 0.0 4.4 0.6 4.9 0.1 2416.0 907.0
 4.0 4.0 0.0 4.0 0.0 3.2 0.8 3.7 0.3 4815.0 1875.0
 4.0 5.0 1.0 4.0 0.0 4.3 0.3 4.4 0.4 3891.0 968.0
 5.0 3.0 2.0 1.0 4.0 3.7 1.3 4.0 1.0 5073.0 508.0
 3.0 3.0 0.0 2.0 1.0 3.4 0.4 3.5 0.5 2435.0 3739.0
 4.0 5.0 1.0 5.0 1.0 4.0 0.0 4.3 0.3 862.0 3061.0
 4.0 1.0 3.0 5.0 1.0 3.3 0.7 3.9 0.1 3925.0 2745.0
 4.0 3.0 1.0 3.0 1.0 4.1 0.1 4.9 0.9 244.0 1230.0
 4.0 3.0 1.0 2.0 2.0 3.9 0.1 4.3 0.3 5276.0 3423.0
 4.0 3.0 1.0 2.0 2.0 3.4 0.6 3.7 0.3 318.0 2244.0
 4.0 5.0 1.0 3.0 1.0 4.3 0.3 4.7 0.7 3247.0 540.0
 4.0 3.0 1.0 4.0 0.0 3.9 0.1 4.2 0.2 3366.0 1947.0
 3.0 4.0 1.0 4.0 1.0 4.2 1.2 4.3 1.3 4053.0 927.0
 3.0 5.0 2.0 4.0 1.0 4.5 1.5 4.6 1.6 1093.0 903.0
 5.0 5.0 0.0 5.0 0.0 3.9 1.1 4.5 0.5 5271.0 2842.0
 5.0 4.0 1.0 4.0 1.0 3.4 1.6 3.4 1.6 646.0 2682.0
 3.0 3.0 0.0 3.0 0.0 3.8 0.8 4.4 1.4 2204.0 1214.0
 1.0 4.0 3.0 2.0 1.0 3.0 2.0 3.1 2.1 5270.0 2539.0
 1.0 4.0 3.0 3.0 2.0 3.8 2.8 4.0 3.0 428.0 1274.0
 3.0 1.0 2.0 3.0 0.0 2.8 0.2 3.5 0.5 2202.0 43.0
 5.0 4.0 1.0 4.0 1.0 4.2 0.8 4.4 0.6 5023.0 1282.0
 2.0 1.0 1.0 2.0 0.0 2.7 0.7 2.7 0.7 711.0 2106.0
 4.0 2.0 2.0 3.0 1.0 3.2 0.8 3.3 0.7 3198.0 3622.0
 2.0 1.0 1.0 2.0 0.0 2.7 0.7 3.0 1.0 5073.0 2557.0
 4.0 4.0 0.0 3.0 1.0 3.2 0.8 3.5 0.5 812.0 1894.0
 4.0 4.0 0.0 4.0 0.0 4.0 0.0 4.1 0.1 4797.0 1269.0
 1.0 5.0 4.0 5.0 4.0 4.1 3.1 5.2 4.2 3833.0 3094.0
 4.0 3.0 1.0 4.0 0.0 4.2 0.2 4.3 0.3 3484.0 1926.0
 3.0 3.0 0.0 2.0 1.0 2.4 0.6 2.6 0.4 5662.0 890.0
 4.0 3.0 1.0 3.0 1.0 3.7 0.3 3.7 0.3 4285.0 234.0
 4.0 4.0 0.0 4.0 0.0 3.6 0.4 3.9 0.1 1389.0 2762.0
 5.0 5.0 0.0 5.0 0.0 4.0 1.0 4.4 0.6 1077.0 1295.0
 1.0 3.0 2.0 2.0 1.0 2.0 1.0 2.1 1.1 3444.0 3876.0
 5.0 5.0 0.0 3.0 2.0 4.6 0.4 4.6 0.4 4724.0 2018.0
 3.0 3.0 0.0 4.0 1.0 3.5 0.5 3.6 0.6 3611.0 3554.0
 3.0 3.0 0.0 2.0 1.0 3.0 0.0 3.5 0.5 3770.0 2532.0
 3.0 3.0 0.0 2.0 1.0 2.8 0.2 3.0 0.0 2575.0 3207.0
 3.0 2.0 1.0 2.0 1.0 3.0 0.0 3.3 0.3 4202.0 3476.0
 2.0 4.0 2.0 2.0 0.0 3.7 1.7 4.2 2.2 5604.0 1018.0
 1.0 3.0 2.0 1.0 0.0 2.5 1.5 3.0 2.0 301.0 19.0
 2.0 2.0 0.0 3.0 1.0 3.5 1.5 3.7 1.7 4542.0 481.0
 4.0 3.0 1.0 5.0 1.0 3.3 0.7 3.8 0.2 2908.0 2621.0
 3.0 2.0 1.0 3.0 0.0 2.9 0.1 3.0 0.0 4302.0 2282.0
 5.0 3.0 2.0 3.0 2.0 3.8 1.2 3.8 1.2 2388.0 1672.0
 4.0 3.0 1.0 5.0 1.0 3.6 0.4 4.1 0.1 1841.0 379.0
 3.0 4.0 1.0 4.0 1.0 3.9 0.9 4.0 1.0 5085.0 31.0
 1.0 3.0 2.0 1.0 0.0 3.1 2.1 3.4 2.4 4507.0 1587.0
 3.0 5.0 2.0 3.0 0.0 3.6 0.6 4.0 1.0 2784.0 2914.0
 4.0 4.0 0.0 5.0 1.0 3.7 0.3 4.4 0.4 715.0 3447.0
 4.0 3.0 1.0 4.0 0.0 3.9 0.1 3.9 0.1 1111.0 1961.0
 2.0 4.0 2.0 4.0 2.0 3.4 1.4 3.8 1.8 5977.0 647.0
 4.0 4.0 0.0 2.0 2.0 3.7 0.3 3.7 0.3 872.0 1694.0
 2.0 3.0 1.0 3.0 1.0 3.7 1.7 3.9 1.9 3098.0 2528.0
 3.0 4.0 1.0 1.0 2.0 4.3 1.3 5.1 2.1 3941.0 1146.0
 4.0 4.0 0.0 4.0 0.0 4.1 0.1 4.2 0.2 72.0 1290.0
 5.0 5.0 0.0 4.0 1.0 4.1 0.9 4.2 0.8 172.0 1265.0
 3.0 2.0 1.0 3.0 0.0 3.9 0.9 4.4 1.4 5987.0 507.0
 3.0 2.0 1.0 2.0 1.0 2.6 0.4 2.6 0.4 4311.0 2263.0
 3.0 3.0 0.0 4.0 1.0 3.3 0.3 3.5 0.5 330.0 197.0
 4.0 4.0 0.0 4.0 0.0 3.8 0.2 4.2 0.2 2942.0 3931.0
 3.0 4.0 1.0 5.0 2.0 4.2 1.2 4.3 1.3 1426.0 245.0
 4.0 4.0 0.0 3.0 1.0 4.0 0.0 4.2 0.2 3806.0 1393.0
 4.0 5.0 1.0 3.0 1.0 4.2 0.2 4.4 0.4 3468.0 1239.0
 2.0 3.0 1.0 1.0 1.0 2.9 0.9 3.4 1.4 3483.0 1805.0
 5.0 5.0 0.0 4.0 1.0 3.0 2.0 3.7 1.3 4447.0 673.0
 5.0 3.0 2.0 3.0 2.0 3.4 1.6 3.8 1.2 1675.0 1032.0
 5.0 4.0 1.0 3.0 2.0 4.1 0.9 4.8 0.2 345.0 3005.0
 4.0 4.0 0.0 2.0 2.0 3.9 0.1 5.3 1.3 5325.0 3245.0
 3.0 4.0 1.0 3.0 0.0 3.3 0.3 3.3 0.3 4807.0 1834.0
 5.0 5.0 0.0 4.0 1.0 4.1 0.9 4.2 0.8 3498.0 1221.0
 4.0 1.0 3.0 1.0 3.0 3.2 0.8 3.2 0.8 3708.0 2566.0
 3.0 5.0 2.0 4.0 1.0 3.8 0.8 4.0 1.0 5613.0 1270.0
 4.0 5.0 1.0 3.0 1.0 3.9 0.1 4.1 0.1 661.0 1281.0
 5.0 4.0 1.0 5.0 0.0 4.2 0.8 4.4 0.6 4542.0 1616.0
 3.0 3.0 0.0 3.0 0.0 3.4 0.4 3.5 0.5 4724.0 328.0
 4.0 3.0 1.0 3.0 1.0 3.7 0.3 3.8 0.2 5135.0 1728.0
 5.0 5.0 0.0 3.0 2.0 4.2 0.8 4.5 0.5 777.0 2803.0
 4.0 2.0 2.0 4.0 0.0 3.3 0.7 3.5 0.5 3157.0 3862.0
 2.0 3.0 1.0 3.0 1.0 3.9 1.9 4.5 2.5 4361.0 2579.0
 4.0 2.0 2.0 2.0 2.0 3.2 0.8 3.6 0.4 5316.0 2134.0
 3.0 4.0 1.0 1.0 2.0 3.7 0.7 4.0 1.0 4507.0 3202.0
 4.0 1.0 3.0 1.0 3.0 3.3 0.7 3.5 0.5 3299.0 3039.0
 3.0 3.0 0.0 3.0 0.0 3.3 0.3 3.6 0.6 1610.0 489.0
 5.0 2.0 3.0 4.0 1.0 3.3 1.7 3.4 1.6 5848.0 2383.0
 4.0 3.0 1.0 3.0 1.0 3.3 0.7 4.0 0.0 4805.0 251.0
 4.0 3.0 1.0 1.0 3.0 2.8 1.2 3.0 1.0 1100.0 2033.0
 2.0 3.0 1.0 3.0 1.0 3.7 1.7 4.0 2.0 3415.0 93.0
 2.0 4.0 2.0 2.0 0.0 3.5 1.5 3.8 1.8 5879.0 1030.0
 3.0 5.0 2.0 3.0 0.0 3.6 0.6 4.0 1.0 5761.0 2370.0
 2.0 4.0 2.0 4.0 2.0 3.3 1.3 3.4 1.4 2250.0 291.0
 3.0 3.0 0.0 3.0 0.0 2.6 0.4 2.7 0.3 787.0 1590.0
 1.0 2.0 1.0 1.0 0.0 2.0 1.0 2.5 1.5 3770.0 3876.0
 4.0 3.0 1.0 4.0 0.0 4.3 0.3 4.3 0.3 4302.0 1224.0
 4.0 5.0 1.0 3.0 1.0 3.4 0.6 3.7 0.3 519.0 3178.0
 4.0 2.0 2.0 1.0 3.0 2.7 1.3 3.0 1.0 3807.0 2278.0
 4.0 2.0 2.0 4.0 0.0 3.5 0.5 3.8 0.2 3482.0 801.0
 3.0 4.0 1.0 5.0 2.0 3.5 0.5 3.8 0.8 613.0 1687.0
 4.0 4.0 0.0 4.0 0.0 3.9 0.1 4.0 0.0 729.0 1219.0
 5.0 4.0 1.0 5.0 0.0 4.3 0.7 4.4 0.6 3540.0 1212.0
 5.0 4.0 1.0 3.0 2.0 4.3 0.7 4.4 0.6 5469.0 1233.0
 5.0 3.0 2.0 4.0 1.0 4.1 0.9 4.2 0.8 1732.0 1265.0
 5.0 5.0 0.0 1.0 4.0 3.3 1.7 3.3 1.7 4027.0 1424.0
 1.0 1.0 0.0 1.0 0.0 1.6 0.6 2.5 1.5 1009.0 2817.0
 5.0 4.0 1.0 4.0 1.0 4.0 1.0 4.6 0.4 2532.0 1098.0
 4.0 4.0 0.0 4.0 0.0 4.4 0.4 4.4 0.4 4770.0 1206.0
 4.0 3.0 1.0 4.0 0.0 3.2 0.8 3.6 0.4 852.0 2110.0
 4.0 1.0 3.0 3.0 1.0 3.3 0.7 3.6 0.4 4785.0 1014.0
 4.0 5.0 1.0 3.0 1.0 3.9 0.1 4.0 0.0 863.0 1742.0
 4.0 5.0 1.0 3.0 1.0 3.4 0.6 3.5 0.5 5805.0 84.0
 4.0 3.0 1.0 1.0 3.0 3.8 0.2 4.2 0.2 853.0 1682.0
 4.0 5.0 1.0 4.0 0.0 3.7 0.3 3.9 0.1 4531.0 271.0
 4.0 2.0 2.0 5.0 1.0 3.5 0.5 3.6 0.4 3711.0 315.0
 3.0 5.0 2.0 3.0 0.0 3.2 0.2 3.6 0.6 5995.0 256.0
 4.0 4.0 0.0 4.0 0.0 3.7 0.3 3.8 0.2 5538.0 1391.0
 3.0 3.0 0.0 3.0 0.0 3.2 0.2 3.3 0.3 4956.0 1026.0
 4.0 3.0 1.0 3.0 1.0 4.0 0.0 4.1 0.1 5270.0 2288.0
 4.0 4.0 0.0 2.0 2.0 3.8 0.2 4.1 0.1 3634.0 2129.0
 3.0 4.0 1.0 3.0 0.0 3.4 0.4 3.6 0.6 4168.0 1721.0
 3.0 3.0 0.0 3.0 0.0 3.5 0.5 3.9 0.9 2999.0 2004.0
 5.0 4.0 1.0 2.0 3.0 4.3 0.7 4.4 0.6 4089.0 902.0
 4.0 5.0 1.0 3.0 1.0 3.9 0.1 3.9 0.1 5119.0 1624.0
 4.0 4.0 0.0 4.0 0.0 4.1 0.1 4.2 0.2 1545.0 1089.0
 4.0 4.0 0.0 3.0 1.0 4.1 0.1 4.5 0.5 3311.0 2958.0
 5.0 5.0 0.0 5.0 0.0 4.2 0.8 5.0 0.0 3011.0 1239.0
 5.0 1.0 4.0 5.0 0.0 3.0 2.0 3.7 1.3 4447.0 1689.0
 4.0 3.0 1.0 4.0 0.0 3.6 0.4 4.1 0.1 3946.0 1526.0
 5.0 4.0 1.0 5.0 0.0 4.4 0.6 4.6 0.4 3587.0 911.0
 1.0 4.0 3.0 4.0 3.0 3.7 2.7 4.0 3.0 1197.0 1018.0
 4.0 5.0 1.0 4.0 0.0 3.7 0.3 3.9 0.1 4264.0 2986.0
 2.0 2.0 0.0 4.0 2.0 3.5 1.5 3.5 1.5 3520.0 2281.0
 3.0 3.0 0.0 5.0 2.0 4.1 1.1 4.6 1.6 1449.0 588.0
 5.0 4.0 1.0 3.0 2.0 4.4 0.6 5.0 0.0 3539.0 592.0
 2.0 3.0 1.0 3.0 1.0 3.9 1.9 4.2 2.2 215.0 2862.0
 4.0 4.0 0.0 4.0 0.0 3.4 0.6 3.7 0.3 2270.0 3106.0
 4.0 5.0 1.0 4.0 0.0 3.9 0.1 4.1 0.1 5466.0 2069.0
 5.0 3.0 2.0 5.0 0.0 4.0 1.0 4.2 0.8 969.0 1245.0
 5.0 5.0 0.0 2.0 3.0 3.8 1.2 4.1 0.9 1679.0 3199.0
 3.0 4.0 1.0 2.0 1.0 2.9 0.1 3.0 0.0 5210.0 2529.0
 2.0 4.0 2.0 1.0 1.0 3.7 1.7 4.4 2.4 4947.0 981.0
 3.0 1.0 2.0 4.0 1.0 3.2 0.2 3.2 0.2 4974.0 1875.0
 4.0 4.0 0.0 3.0 1.0 3.9 0.1 4.0 0.0 807.0 554.0
 3.0 3.0 0.0 3.0 0.0 3.7 0.7 4.5 1.5 565.0 1296.0
 2.0 3.0 1.0 2.0 0.0 3.0 1.0 3.3 1.3 5132.0 1376.0
 2.0 4.0 2.0 5.0 3.0 3.8 1.8 4.0 2.0 6035.0 1392.0
 3.0 4.0 1.0 3.0 0.0 3.7 0.7 3.7 0.7 4727.0 3752.0
 4.0 4.0 0.0 2.0 2.0 3.4 0.6 3.8 0.2 5407.0 3728.0
 3.0 4.0 1.0 3.0 0.0 3.2 0.2 3.3 0.3 3884.0 2404.0
 4.0 5.0 1.0 5.0 1.0 3.6 0.4 3.7 0.3 696.0 20.0
 4.0 3.0 1.0 2.0 2.0 3.6 0.4 3.8 0.2 14.0 2393.0
 2.0 5.0 3.0 3.0 1.0 3.4 1.4 3.5 1.5 122.0 2682.0
 4.0 4.0 0.0 4.0 0.0 4.2 0.2 4.3 0.3 1890.0 3113.0
 4.0 4.0 0.0 3.0 1.0 3.9 0.1 4.1 0.1 698.0 1624.0
 4.0 1.0 3.0 2.0 2.0 3.4 0.6 3.6 0.4 5417.0 3069.0
 5.0 2.0 3.0 3.0 2.0 4.4 0.6 5.0 0.0 4864.0 922.0
 3.0 5.0 2.0 5.0 2.0 3.9 0.9 3.9 0.9 3449.0 1681.0
 3.0 4.0 1.0 2.0 1.0 4.1 1.1 4.8 1.8 5366.0 445.0
 5.0 3.0 2.0 5.0 0.0 4.3 0.7 4.9 0.1 3025.0 902.0
 2.0 3.0 1.0 3.0 1.0 2.5 0.5 2.6 0.6 2856.0 484.0
 4.0 4.0 0.0 3.0 1.0 3.2 0.8 3.6 0.4 5750.0 2880.0
 4.0 2.0 2.0 2.0 2.0 3.9 0.1 4.3 0.3 5642.0 3423.0
 5.0 2.0 3.0 3.0 2.0 3.8 1.2 4.2 0.8 2455.0 2889.0
 5.0 3.0 2.0 4.0 1.0 3.9 1.1 4.0 1.0 1700.0 5.0
 5.0 5.0 0.0 5.0 0.0 4.3 0.7 4.6 0.4 4360.0 607.0
 3.0 1.0 2.0 3.0 0.0 2.9 0.1 3.3 0.3 1808.0 2839.0
 5.0 4.0 1.0 4.0 1.0 3.6 1.4 3.8 1.2 1940.0 1406.0
 2.0 3.0 1.0 4.0 2.0 3.6 1.6 3.6 1.6 4451.0 1720.0
 4.0 2.0 2.0 5.0 1.0 3.4 0.6 3.9 0.1 4377.0 2682.0
 3.0 4.0 1.0 2.0 1.0 3.2 0.2 3.4 0.4 2062.0 3864.0
 3.0 3.0 0.0 4.0 1.0 3.5 0.5 3.5 0.5 1625.0 1346.0
 3.0 1.0 2.0 3.0 0.0 2.9 0.1 3.1 0.1 4674.0 409.0
 3.0 3.0 0.0 3.0 0.0 3.4 0.4 3.7 0.7 880.0 2310.0
 4.0 4.0 0.0 5.0 1.0 3.7 0.3 4.4 0.4 2144.0 2915.0
 2.0 2.0 0.0 1.0 1.0 2.4 0.4 2.6 0.6 1003.0 3801.0
 4.0 5.0 1.0 3.0 1.0 3.4 0.6 3.4 0.6 5495.0 3004.0
 3.0 4.0 1.0 1.0 2.0 3.6 0.6 4.0 1.0 4446.0 2181.0
 4.0 4.0 0.0 1.0 3.0 3.8 0.2 4.1 0.1 4507.0 3546.0
 4.0 5.0 1.0 4.0 0.0 3.2 0.8 4.1 0.1 1721.0 2779.0
 2.0 5.0 3.0 1.0 1.0 3.1 1.1 3.2 1.2 3997.0 3779.0
 3.0 4.0 1.0 5.0 2.0 4.2 1.2 4.8 1.8 5920.0 1246.0
 2.0 2.0 0.0 3.0 1.0 3.7 1.7 3.8 1.8 1446.0 2113.0
 4.0 2.0 2.0 2.0 2.0 3.8 0.2 3.9 0.1 1521.0 1920.0
 3.0 3.0 0.0 4.0 1.0 4.2 1.2 4.6 1.6 5951.0 110.0
 5.0 3.0 2.0 2.0 3.0 3.6 1.4 3.6 1.4 3188.0 2442.0
 4.0 3.0 1.0 4.0 0.0 3.3 0.7 3.6 0.4 5885.0 2656.0
 3.0 4.0 1.0 2.0 1.0 3.3 0.3 3.6 0.6 3518.0 3564.0
 4.0 3.0 1.0 4.0 0.0 3.0 1.0 3.1 0.9 887.0 47.0
 5.0 3.0 2.0 4.0 1.0 3.8 1.2 3.8 1.2 1973.0 1920.0
 4.0 4.0 0.0 2.0 2.0 4.0 0.0 4.3 0.3 3390.0 3181.0
 4.0 3.0 1.0 4.0 0.0 3.7 0.3 4.0 0.0 5396.0 1093.0
 4.0 4.0 0.0 5.0 1.0 4.5 0.5 4.6 0.6 5809.0 1197.0
 3.0 4.0 1.0 5.0 2.0 4.1 1.1 4.1 1.1 2569.0 149.0
 2.0 3.0 1.0 4.0 2.0 3.7 1.7 4.3 2.3 719.0 1652.0
 5.0 3.0 2.0 3.0 2.0 3.3 1.7 3.7 1.3 4047.0 1009.0
 2.0 4.0 2.0 1.0 1.0 3.4 1.4 3.6 1.6 1940.0 2735.0
 4.0 4.0 0.0 2.0 2.0 3.3 0.7 3.6 0.4 4410.0 3440.0
 5.0 5.0 0.0 3.0 2.0 3.8 1.2 4.0 1.0 910.0 3509.0
 4.0 2.0 2.0 1.0 3.0 3.0 1.0 3.4 0.6 3828.0 236.0
 5.0 4.0 1.0 3.0 2.0 4.2 0.8 4.3 0.7 4938.0 1241.0
 4.0 3.0 1.0 5.0 1.0 3.7 0.3 4.1 0.1 5761.0 3417.0
 4.0 2.0 2.0 3.0 1.0 2.9 1.1 3.4 0.6 4670.0 2321.0
 5.0 4.0 1.0 5.0 0.0 4.1 0.9 4.2 0.8 4931.0 1258.0
 4.0 4.0 0.0 3.0 1.0 3.9 0.1 3.9 0.1 5688.0 5.0
 4.0 4.0 0.0 4.0 0.0 3.6 0.4 3.6 0.4 3881.0 1060.0
 4.0 4.0 0.0 3.0 1.0 3.1 0.9 3.4 0.6 4421.0 2415.0
 1.0 4.0 3.0 4.0 3.0 2.0 1.0 2.5 1.5 5604.0 736.0
 4.0 3.0 1.0 3.0 1.0 3.5 0.5 3.9 0.1 1630.0 2406.0
 5.0 4.0 1.0 3.0 2.0 4.1 0.9 4.5 0.5 5222.0 1448.0
 3.0 4.0 1.0 3.0 0.0 3.0 0.0 3.2 0.2 2897.0 3751.0
 4.0 4.0 0.0 4.0 0.0 3.7 0.3 4.0 0.0 5318.0 3701.0
 3.0 4.0 1.0 5.0 2.0 3.9 0.9 3.9 0.9 1806.0 2715.0
 2.0 2.0 0.0 2.0 0.0 2.3 0.3 2.4 0.4 5226.0 2497.0
 4.0 2.0 2.0 4.0 0.0 3.9 0.1 4.2 0.2 2609.0 1034.0
 5.0 4.0 1.0 3.0 2.0 4.3 0.7 4.6 0.4 5073.0 1232.0
 3.0 3.0 0.0 2.0 1.0 3.4 0.4 3.5 0.5 480.0 2133.0
 4.0 3.0 1.0 3.0 1.0 3.4 0.6 3.7 0.3 3271.0 3004.0
 5.0 2.0 3.0 3.0 2.0 3.3 1.7 3.5 1.5 5293.0 1710.0
 1.0 1.0 0.0 3.0 2.0 2.3 1.3 2.8 1.8 5025.0 2052.0
 4.0 2.0 2.0 4.0 0.0 3.5 0.5 3.7 0.3 4481.0 2898.0
 4.0 5.0 1.0 3.0 1.0 4.1 0.1 4.2 0.2 2727.0 588.0
 1.0 3.0 2.0 3.0 2.0 2.9 1.9 3.2 2.2 5794.0 409.0
 4.0 5.0 1.0 3.0 1.0 4.0 0.0 4.1 0.1 5076.0 3727.0
 5.0 4.0 1.0 2.0 3.0 4.6 0.4 4.9 0.1 620.0 2904.0
 3.0 4.0 1.0 3.0 0.0 3.5 0.5 3.6 0.6 5910.0 315.0
 4.0 1.0 3.0 4.0 0.0 3.6 0.4 3.6 0.4 3115.0 2290.0
 2.0 4.0 2.0 3.0 1.0 2.9 0.9 3.3 1.3 5432.0 515.0
 5.0 4.0 1.0 4.0 1.0 4.1 0.9 4.2 0.8 3983.0 1199.0
 3.0 5.0 2.0 2.0 1.0 3.1 0.1 3.4 0.4 3518.0 2477.0
 4.0 3.0 1.0 3.0 1.0 3.7 0.3 4.0 0.0 1382.0 2915.0
 4.0 4.0 0.0 3.0 1.0 3.6 0.4 3.8 0.2 5014.0 1285.0
 4.0 4.0 0.0 3.0 1.0 3.7 0.3 3.9 0.1 2528.0 1958.0
 3.0 4.0 1.0 1.0 2.0 3.4 0.4 3.5 0.5 2903.0 3004.0
 1.0 4.0 3.0 2.0 1.0 3.8 2.8 3.9 2.9 5568.0 2501.0
 3.0 3.0 0.0 3.0 0.0 3.8 0.8 3.9 0.9 3759.0 1912.0
 3.0 4.0 1.0 3.0 0.0 3.5 0.5 3.7 0.7 3599.0 3759.0
 5.0 2.0 3.0 4.0 1.0 3.8 1.2 4.0 1.0 3428.0 1284.0
 5.0 4.0 1.0 2.0 3.0 4.1 0.9 4.6 0.4 2819.0 3740.0
 3.0 4.0 1.0 2.0 1.0 4.0 1.0 4.2 1.2 5817.0 2574.0
 5.0 3.0 2.0 1.0 4.0 3.4 1.6 3.5 1.5 1283.0 3927.0
 5.0 4.0 1.0 4.0 1.0 4.3 0.7 4.5 0.5 3500.0 1223.0
 4.0 3.0 1.0 4.0 0.0 4.1 0.1 4.3 0.3 2017.0 1250.0
 4.0 5.0 1.0 5.0 1.0 4.4 0.4 4.4 0.4 3524.0 592.0
 2.0 4.0 2.0 5.0 3.0 4.3 2.3 4.3 2.3 1806.0 1277.0
 4.0 3.0 1.0 4.0 0.0 3.9 0.1 3.9 0.1 5110.0 1640.0
 2.0 3.0 1.0 2.0 0.0 3.2 1.2 3.3 1.3 5785.0 215.0
 2.0 2.0 0.0 1.0 1.0 3.1 1.1 3.3 1.3 5554.0 3263.0
 1.0 2.0 1.0 2.0 1.0 2.7 1.7 2.8 1.8 970.0 1372.0
 5.0 1.0 4.0 4.0 1.0 3.4 1.6 3.7 1.3 402.0 3449.0
 4.0 2.0 2.0 4.0 0.0 3.4 0.6 4.1 0.1 3364.0 3768.0
 4.0 4.0 0.0 5.0 1.0 4.1 0.1 4.3 0.3 2992.0 1088.0
 4.0 3.0 1.0 2.0 2.0 3.7 0.3 4.2 0.2 4063.0 2856.0
 3.0 4.0 1.0 2.0 1.0 2.9 0.1 3.2 0.2 4264.0 1910.0
 4.0 3.0 1.0 2.0 2.0 3.7 0.3 4.0 0.0 2879.0 3460.0
 5.0 4.0 1.0 3.0 2.0 4.0 1.0 4.6 0.4 3857.0 1076.0
 4.0 3.0 1.0 5.0 1.0 4.2 0.2 4.2 0.2 3772.0 1213.0
 4.0 4.0 0.0 4.0 0.0 3.7 0.3 3.8 0.2 1263.0 1093.0
 4.0 5.0 1.0 4.0 0.0 3.7 0.3 4.1 0.1 1476.0 3935.0
 5.0 3.0 2.0 2.0 3.0 4.4 0.6 4.6 0.4 5163.0 911.0
 3.0 4.0 1.0 3.0 0.0 3.9 0.9 4.4 1.4 4437.0 2302.0
 5.0 4.0 1.0 5.0 0.0 4.2 0.8 4.6 0.4 221.0 1616.0
 5.0 3.0 2.0 2.0 3.0 3.4 1.6 3.7 1.3 2640.0 2164.0
 3.0 3.0 0.0 4.0 1.0 3.1 0.1 3.4 0.4 4390.0 343.0
 3.0 1.0 2.0 2.0 1.0 3.4 0.4 3.8 0.8 6015.0 2104.0
 4.0 3.0 1.0 5.0 1.0 3.9 0.1 3.9 0.1 1076.0 474.0
 5.0 3.0 2.0 4.0 1.0 4.1 0.9 4.4 0.6 2464.0 1265.0
 3.0 4.0 1.0 1.0 2.0 4.1 1.1 4.2 1.2 3204.0 2958.0
 5.0 3.0 2.0 5.0 0.0 3.6 1.4 4.2 0.8 2117.0 2064.0
 2.0 3.0 1.0 3.0 1.0 2.7 0.7 2.8 0.8 1957.0 1010.0
 5.0 4.0 1.0 3.0 2.0 4.0 1.0 4.0 1.0 4681.0 2288.0
 3.0 2.0 1.0 3.0 0.0 3.0 0.0 3.0 0.0 89.0 787.0
 5.0 3.0 2.0 1.0 4.0 3.1 1.9 3.1 1.9 3835.0 2941.0
 3.0 4.0 1.0 4.0 1.0 3.6 0.6 3.8 0.8 3546.0 51.0
 3.0 5.0 2.0 4.0 1.0 3.3 0.3 3.3 0.3 1219.0 1551.0
 3.0 2.0 1.0 2.0 1.0 3.0 0.0 3.3 0.3 3653.0 2539.0
 3.0 3.0 0.0 2.0 1.0 2.7 0.3 2.8 0.2 1903.0 1778.0
 3.0 4.0 1.0 4.0 1.0 3.1 0.1 3.2 0.2 6038.0 106.0
 4.0 3.0 1.0 3.0 1.0 3.2 0.8 3.3 0.7 61.0 1.0
 2.0 3.0 1.0 3.0 1.0 3.7 1.7 4.0 2.0 5416.0 3478.0
 4.0 3.0 1.0 5.0 1.0 3.8 0.2 4.5 0.5 3413.0 587.0
 5.0 5.0 0.0 5.0 0.0 4.0 1.0 4.2 0.8 3587.0 3653.0
 3.0 4.0 1.0 4.0 1.0 3.8 0.8 4.3 1.3 2746.0 1284.0
 4.0 2.0 2.0 3.0 1.0 3.4 0.6 3.7 0.3 5222.0 734.0
 4.0 3.0 1.0 4.0 0.0 4.1 0.1 4.1 0.1 4681.0 964.0
 4.0 5.0 1.0 3.0 1.0 4.3 0.3 5.0 1.0 1606.0 295.0
 4.0 2.0 2.0 4.0 0.0 3.3 0.7 3.4 0.6 3711.0 2132.0
 3.0 2.0 1.0 4.0 1.0 4.4 1.4 4.5 1.5 4080.0 922.0
 4.0 2.0 2.0 3.0 1.0 3.1 0.9 3.5 0.5 4610.0 1675.0
 3.0 5.0 2.0 2.0 1.0 3.9 0.9 4.0 1.0 5375.0 2511.0
 5.0 3.0 2.0 4.0 1.0 3.2 1.8 3.3 1.7 5523.0 1134.0
 3.0 5.0 2.0 3.0 0.0 4.1 1.1 4.6 1.6 2714.0 355.0
 3.0 4.0 1.0 2.0 1.0 3.6 0.6 4.0 1.0 2642.0 3101.0
 4.0 4.0 0.0 3.0 1.0 3.5 0.5 3.5 0.5 3107.0 3528.0
 4.0 4.0 0.0 1.0 3.0 3.7 0.3 3.8 0.2 1598.0 3251.0
 4.0 3.0 1.0 1.0 3.0 3.3 0.7 3.8 0.2 5025.0 382.0
 5.0 4.0 1.0 3.0 2.0 4.2 0.8 4.3 0.7 5012.0 1926.0
 3.0 5.0 2.0 4.0 1.0 4.1 1.1 4.2 1.2 3480.0 2996.0
 3.0 1.0 2.0 4.0 1.0 2.6 0.4 3.0 0.0 4386.0 152.0
 4.0 3.0 1.0 3.0 1.0 3.7 0.3 3.9 0.1 1921.0 356.0
 3.0 2.0 1.0 3.0 0.0 3.4 0.4 3.6 0.6 4476.0 1882.0
 4.0 3.0 1.0 4.0 0.0 3.3 0.7 3.5 0.5 5043.0 2468.0
 5.0 5.0 0.0 4.0 1.0 4.1 0.9 4.2 0.8 1201.0 2500.0
 5.0 5.0 0.0 4.0 1.0 4.1 0.9 4.2 0.8 5127.0 588.0
 3.0 2.0 1.0 4.0 1.0 3.5 0.5 3.7 0.7 302.0 453.0
 4.0 4.0 0.0 3.0 1.0 2.9 1.1 3.4 0.6 4226.0 2721.0
 2.0 4.0 2.0 5.0 3.0 3.2 1.2 4.0 2.0 4373.0 69.0
 1.0 3.0 2.0 1.0 0.0 2.9 1.9 3.3 2.3 1495.0 1331.0
 4.0 1.0 3.0 4.0 0.0 3.7 0.3 3.8 0.2 1241.0 2966.0
 5.0 3.0 2.0 4.0 1.0 3.9 1.1 3.9 1.1 827.0 2579.0
 2.0 3.0 1.0 1.0 1.0 2.4 0.4 3.0 1.0 4185.0 428.0
 4.0 3.0 1.0 3.0 1.0 3.7 0.3 3.9 0.1 2063.0 3100.0
 4.0 3.0 1.0 4.0 0.0 4.1 0.1 4.4 0.4 2163.0 3333.0
 4.0 2.0 2.0 4.0 0.0 3.8 0.2 4.0 0.0 941.0 1499.0
 4.0 3.0 1.0 3.0 1.0 4.5 0.5 4.9 0.9 3502.0 1211.0
 1.0 3.0 2.0 2.0 1.0 3.0 2.0 3.1 2.1 4522.0 3119.0
 5.0 3.0 2.0 5.0 0.0 4.5 0.5 4.7 0.3 2062.0 49.0
 4.0 5.0 1.0 5.0 1.0 4.5 0.5 4.8 0.8 5007.0 259.0
 4.0 4.0 0.0 3.0 1.0 3.6 0.4 3.8 0.2 4403.0 2057.0
 3.0 3.0 0.0 3.0 0.0 3.4 0.4 3.5 0.5 2435.0 1377.0
 1.0 4.0 3.0 2.0 1.0 3.0 2.0 3.3 2.3 432.0 803.0
 4.0 4.0 0.0 4.0 0.0 3.2 0.8 3.3 0.7 5125.0 2540.0
 4.0 3.0 1.0 4.0 0.0 4.1 0.1 4.1 0.1 5672.0 1946.0
 4.0 2.0 2.0 1.0 3.0 3.2 0.8 3.2 0.8 3767.0 3114.0
 5.0 5.0 0.0 1.0 4.0 4.1 0.9 4.7 0.3 857.0 1083.0
 4.0 4.0 0.0 4.0 0.0 3.6 0.4 4.0 0.0 2090.0 591.0
 3.0 1.0 2.0 2.0 1.0 2.6 0.4 2.7 0.3 122.0 1387.0
 5.0 5.0 0.0 3.0 2.0 4.1 0.9 4.5 0.5 1950.0 2996.0
 5.0 4.0 1.0 4.0 1.0 4.0 1.0 4.4 0.6 2840.0 1269.0
 4.0 2.0 2.0 5.0 1.0 3.5 0.5 4.0 0.0 4297.0 1915.0
 5.0 4.0 1.0 3.0 2.0 3.9 1.1 3.9 1.1 1056.0 1924.0
 3.0 3.0 0.0 3.0 0.0 3.6 0.6 3.6 0.6 5046.0 376.0
 4.0 3.0 1.0 4.0 0.0 3.4 0.6 4.0 0.0 4720.0 3004.0
 3.0 3.0 0.0 5.0 2.0 2.8 0.2 3.4 0.4 4815.0 2977.0
 5.0 5.0 0.0 5.0 0.0 4.0 1.0 4.6 0.4 689.0 1209.0
 3.0 4.0 1.0 4.0 1.0 3.0 0.0 3.3 0.3 2303.0 441.0
 4.0 2.0 2.0 3.0 1.0 3.7 0.3 3.7 0.3 3146.0 298.0
 3.0 1.0 2.0 4.0 1.0 1.8 1.2 2.3 0.7 4802.0 3563.0
 4.0 1.0 3.0 3.0 1.0 3.6 0.4 4.0 0.0 47.0 900.0
 3.0 1.0 2.0 2.0 1.0 4.0 1.0 4.5 1.5 5915.0 3074.0
 1.0 3.0 2.0 1.0 0.0 3.2 2.2 4.3 3.3 1488.0 2671.0
 3.0 4.0 1.0 5.0 2.0 4.2 1.2 4.6 1.6 1798.0 1616.0
 4.0 4.0 0.0 3.0 1.0 4.3 0.3 4.5 0.5 2139.0 1135.0
 2.0 1.0 1.0 1.0 1.0 2.1 0.1 2.5 0.5 1049.0 192.0
 3.0 5.0 2.0 3.0 0.0 3.3 0.3 4.0 1.0 5949.0 3039.0
 5.0 5.0 0.0 4.0 1.0 3.9 1.1 3.9 1.1 2037.0 1161.0
 3.0 2.0 1.0 3.0 0.0 2.4 0.6 3.0 0.0 3200.0 2121.0
 4.0 5.0 1.0 5.0 1.0 3.9 0.1 4.2 0.2 3482.0 2598.0
 4.0 3.0 1.0 2.0 2.0 3.7 0.3 4.2 0.2 5535.0 2967.0
 5.0 3.0 2.0 5.0 0.0 3.4 1.6 4.1 0.9 1834.0 265.0
 4.0 2.0 2.0 4.0 0.0 3.7 0.3 3.8 0.2 4921.0 2986.0
 5.0 3.0 2.0 5.0 0.0 3.7 1.3 4.1 0.9 3086.0 341.0
 3.0 1.0 2.0 4.0 1.0 3.4 0.4 3.7 0.7 2661.0 3449.0
 5.0 4.0 1.0 5.0 0.0 3.4 1.6 3.7 1.3 283.0 2627.0
 5.0 4.0 1.0 5.0 0.0 4.3 0.7 4.9 0.1 1305.0 2570.0
 5.0 3.0 2.0 4.0 1.0 3.8 1.2 3.9 1.1 4138.0 1392.0
 4.0 4.0 0.0 1.0 3.0 3.2 0.8 3.3 0.7 1087.0 1026.0
 4.0 3.0 1.0 4.0 0.0 3.4 0.6 3.6 0.4 3327.0 3808.0
 5.0 5.0 0.0 3.0 2.0 3.2 1.8 3.9 1.1 1220.0 1389.0
 5.0 4.0 1.0 5.0 0.0 3.1 1.9 4.8 0.2 2154.0 723.0
 3.0 2.0 1.0 3.0 0.0 3.8 0.8 3.9 0.9 1921.0 1911.0
 2.0 3.0 1.0 5.0 3.0 3.4 1.4 3.6 1.6 2091.0 2343.0
 4.0 3.0 1.0 4.0 0.0 4.1 0.1 4.5 0.5 5745.0 0.0
 1.0 5.0 4.0 2.0 1.0 3.5 2.5 4.3 3.3 1009.0 162.0
 4.0 4.0 0.0 4.0 0.0 4.1 0.1 4.2 0.2 170.0 3577.0
 3.0 2.0 1.0 3.0 0.0 2.8 0.2 3.0 0.0 2987.0 2960.0
 5.0 2.0 3.0 4.0 1.0 3.9 1.1 4.2 0.8 4994.0 33.0
 3.0 2.0 1.0 3.0 0.0 3.3 0.3 3.3 0.3 5786.0 1338.0
 4.0 4.0 0.0 4.0 0.0 3.8 0.2 3.9 0.1 5582.0 2699.0
 1.0 3.0 2.0 1.0 0.0 2.1 1.1 2.2 1.2 5953.0 1977.0
 3.0 2.0 1.0 5.0 2.0 3.8 0.8 4.1 1.1 1302.0 10.0
 3.0 2.0 1.0 1.0 2.0 3.0 0.0 4.1 1.1 4703.0 2532.0
 4.0 3.0 1.0 3.0 1.0 4.1 0.1 4.3 0.3 4344.0 0.0
 5.0 4.0 1.0 5.0 0.0 3.7 1.3 3.9 1.1 3546.0 2966.0
 1.0 3.0 2.0 1.0 0.0 1.6 0.6 1.7 0.7 647.0 3798.0
 4.0 3.0 1.0 4.0 0.0 3.2 0.8 3.2 0.8 5332.0 2604.0
 4.0 3.0 1.0 1.0 3.0 3.2 0.8 3.3 0.7 5358.0 357.0
 1.0 2.0 1.0 3.0 2.0 3.1 2.1 3.7 2.7 3933.0 536.0
 5.0 3.0 2.0 5.0 0.0 4.1 0.9 4.4 0.6 4756.0 2395.0
 4.0 4.0 0.0 5.0 1.0 4.2 0.2 4.9 0.9 4235.0 910.0
 4.0 3.0 1.0 5.0 1.0 3.9 0.1 4.3 0.3 1965.0 901.0
 5.0 4.0 1.0 4.0 1.0 4.1 0.9 4.6 0.4 3355.0 923.0
 3.0 4.0 1.0 4.0 1.0 3.5 0.5 3.9 0.9 3518.0 103.0
 4.0 3.0 1.0 3.0 1.0 3.2 0.8 3.4 0.6 2029.0 2640.0
 5.0 4.0 1.0 4.0 1.0 4.4 0.6 4.7 0.3 3650.0 749.0
 3.0 5.0 2.0 2.0 1.0 3.8 0.8 4.1 1.1 5152.0 1304.0
 3.0 5.0 2.0 4.0 1.0 3.9 0.9 4.0 1.0 5889.0 3359.0
 3.0 2.0 1.0 4.0 1.0 3.5 0.5 3.6 0.6 4385.0 1776.0
 2.0 4.0 2.0 3.0 1.0 4.3 2.3 5.4 3.4 2795.0 952.0
 3.0 2.0 1.0 1.0 2.0 3.8 0.8 3.9 0.9 2877.0 3870.0
 3.0 2.0 1.0 3.0 0.0 3.1 0.1 3.2 0.2 1111.0 343.0
 5.0 2.0 3.0 5.0 0.0 4.1 0.9 4.6 0.4 3473.0 2395.0
 5.0 5.0 0.0 3.0 2.0 3.3 1.7 3.3 1.7 4293.0 1415.0
 4.0 3.0 1.0 3.0 1.0 3.7 0.3 4.1 0.1 1832.0 3752.0
 2.0 4.0 2.0 1.0 1.0 3.3 1.3 3.4 1.4 4466.0 1710.0
 5.0 5.0 0.0 4.0 1.0 4.3 0.7 4.4 0.6 1195.0 1195.0
 4.0 3.0 1.0 3.0 1.0 3.0 1.0 3.3 0.7 4269.0 3751.0
 5.0 2.0 3.0 2.0 3.0 3.3 1.7 3.4 1.6 3664.0 2656.0
 3.0 4.0 1.0 4.0 1.0 3.8 0.8 4.1 1.1 4936.0 3255.0
 4.0 3.0 1.0 4.0 0.0 3.4 0.6 3.8 0.2 5400.0 1588.0
 4.0 3.0 1.0 4.0 0.0 3.9 0.1 4.2 0.2 2928.0 1094.0
 2.0 3.0 1.0 3.0 1.0 3.3 1.3 3.4 1.4 636.0 2345.0
 5.0 5.0 0.0 5.0 0.0 4.4 0.6 5.1 0.1 4022.0 2761.0
 1.0 3.0 2.0 2.0 1.0 3.2 2.2 4.0 3.0 4657.0 3015.0
 3.0 4.0 1.0 3.0 0.0 3.1 0.1 3.4 0.4 3927.0 2093.0
 3.0 2.0 1.0 2.0 1.0 3.8 0.8 3.9 0.9 30.0 3209.0
 3.0 5.0 2.0 5.0 2.0 3.9 0.9 4.1 1.1 3120.0 1027.0
 3.0 5.0 2.0 2.0 1.0 3.3 0.3 3.5 0.5 2189.0 3116.0
 5.0 2.0 3.0 5.0 0.0 4.3 0.7 5.0 0.0 4276.0 2027.0
 2.0 2.0 0.0 4.0 2.0 3.3 1.3 3.6 1.6 5449.0 1613.0
 5.0 4.0 1.0 5.0 0.0 4.0 1.0 4.3 0.7 2236.0 3147.0
 2.0 4.0 2.0 2.0 0.0 2.5 0.5 2.6 0.6 1732.0 2712.0
 3.0 4.0 1.0 5.0 2.0 3.9 0.9 4.2 1.2 768.0 2918.0
 5.0 3.0 2.0 2.0 3.0 4.1 0.9 4.2 0.8 2553.0 3810.0
 4.0 4.0 0.0 3.0 1.0 3.2 0.8 3.4 0.6 4787.0 2452.0
 3.0 3.0 0.0 4.0 1.0 3.7 0.7 3.7 0.7 4166.0 3526.0
 4.0 3.0 1.0 2.0 2.0 3.9 0.1 4.0 0.0 3983.0 3245.0
 4.0 5.0 1.0 4.0 0.0 4.1 0.1 4.4 0.4 4480.0 456.0
 3.0 3.0 0.0 3.0 0.0 3.0 0.0 3.2 0.2 5613.0 2251.0
 3.0 3.0 0.0 5.0 2.0 3.9 0.9 4.6 1.6 2081.0 33.0
 4.0 3.0 1.0 3.0 1.0 3.6 0.4 4.1 0.1 2047.0 523.0
 4.0 4.0 0.0 3.0 1.0 3.3 0.7 3.7 0.3 766.0 2010.0
 3.0 4.0 1.0 3.0 0.0 3.3 0.3 3.5 0.5 523.0 1613.0
 4.0 5.0 1.0 5.0 1.0 4.4 0.4 4.4 0.4 4508.0 1220.0
 4.0 4.0 0.0 5.0 1.0 3.7 0.3 4.2 0.2 5698.0 2528.0
 2.0 3.0 1.0 5.0 3.0 3.1 1.1 3.2 1.2 755.0 351.0
 4.0 5.0 1.0 5.0 1.0 3.8 0.2 4.1 0.1 1893.0 3099.0
 3.0 4.0 1.0 3.0 0.0 3.1 0.1 3.2 0.2 2993.0 1686.0
 3.0 4.0 1.0 3.0 0.0 3.0 0.0 3.3 0.3 1634.0 3707.0
 4.0 1.0 3.0 4.0 0.0 2.9 1.1 3.4 0.6 3197.0 2482.0
 5.0 4.0 1.0 3.0 2.0 4.0 1.0 4.3 0.7 748.0 3036.0
 1.0 2.0 1.0 3.0 2.0 3.3 2.3 3.9 2.9 2123.0 3218.0
 5.0 4.0 1.0 5.0 0.0 3.8 1.2 4.5 0.5 2339.0 1662.0
 3.0 4.0 1.0 3.0 0.0 3.4 0.4 3.7 0.7 2397.0 44.0
 2.0 3.0 1.0 3.0 1.0 3.6 1.6 3.9 1.9 385.0 379.0
 1.0 2.0 1.0 3.0 2.0 3.4 2.4 4.0 3.0 343.0 265.0
 3.0 5.0 2.0 4.0 1.0 3.4 0.4 3.4 0.4 4681.0 1753.0
 5.0 1.0 4.0 5.0 0.0 3.0 2.0 3.8 1.2 5055.0 1847.0
 5.0 3.0 2.0 4.0 1.0 3.6 1.4 4.1 0.9 4670.0 379.0
 4.0 3.0 1.0 2.0 2.0 3.4 0.6 3.6 0.4 4223.0 2101.0
 1.0 1.0 0.0 1.0 0.0 2.1 1.1 2.7 1.7 3388.0 3400.0
 4.0 5.0 1.0 4.0 0.0 3.7 0.3 3.8 0.2 546.0 2915.0
 3.0 3.0 0.0 5.0 2.0 3.4 0.4 4.0 1.0 3411.0 1610.0
 3.0 3.0 0.0 5.0 2.0 3.9 0.9 4.0 1.0 250.0 1967.0
 3.0 4.0 1.0 5.0 2.0 3.3 0.3 3.4 0.4 165.0 3032.0
 5.0 3.0 2.0 2.0 3.0 3.8 1.2 4.2 0.8 942.0 1392.0
 4.0 4.0 0.0 4.0 0.0 4.5 0.5 4.6 0.6 5770.0 903.0
 4.0 4.0 0.0 4.0 0.0 3.9 0.1 3.9 0.1 3858.0 2354.0
 4.0 4.0 0.0 2.0 2.0 3.7 0.3 3.9 0.1 5811.0 2966.0
 1.0 4.0 3.0 3.0 2.0 3.9 2.9 4.3 3.3 377.0 2358.0
 3.0 3.0 0.0 5.0 2.0 3.0 0.0 3.4 0.4 3735.0 1319.0
 4.0 4.0 0.0 3.0 1.0 3.7 0.3 3.8 0.2 3983.0 348.0
 3.0 4.0 1.0 5.0 2.0 4.1 1.1 4.4 1.4 4997.0 355.0
 3.0 2.0 1.0 3.0 0.0 3.2 0.2 3.3 0.3 2572.0 2860.0
 3.0 4.0 1.0 2.0 1.0 3.5 0.5 3.5 0.5 5786.0 2462.0
 3.0 3.0 0.0 1.0 2.0 3.0 0.0 3.5 0.5 133.0 2722.0
 5.0 5.0 0.0 3.0 2.0 3.9 1.1 4.3 0.7 4482.0 2351.0
 3.0 2.0 1.0 5.0 2.0 3.0 0.0 3.4 0.4 5853.0 787.0
 4.0 4.0 0.0 1.0 3.0 3.6 0.4 3.8 0.2 2847.0 2160.0
 4.0 3.0 1.0 2.0 2.0 3.2 0.8 3.3 0.7 1361.0 2671.0
 4.0 5.0 1.0 2.0 2.0 3.5 0.5 3.8 0.2 5960.0 2773.0
 5.0 4.0 1.0 5.0 0.0 3.5 1.5 3.5 1.5 4027.0 3185.0
 1.0 3.0 2.0 3.0 2.0 3.7 2.7 4.1 3.1 463.0 2108.0
 5.0 2.0 3.0 5.0 0.0 4.5 0.5 4.8 0.2 2653.0 49.0
 4.0 4.0 0.0 1.0 3.0 4.1 0.1 5.6 1.6 5602.0 1960.0
 3.0 4.0 1.0 4.0 1.0 3.7 0.7 3.9 0.9 3510.0 2967.0
 5.0 4.0 1.0 1.0 4.0 3.3 1.7 3.6 1.4 5686.0 1565.0
 4.0 4.0 0.0 3.0 1.0 3.7 0.3 4.2 0.2 4645.0 3752.0
 4.0 5.0 1.0 5.0 1.0 4.3 0.3 4.8 0.8 5510.0 1216.0
 5.0 5.0 0.0 5.0 0.0 3.9 1.1 4.2 0.8 548.0 627.0
 5.0 5.0 0.0 4.0 1.0 4.2 0.8 4.5 0.5 5743.0 2803.0
 3.0 5.0 2.0 3.0 0.0 3.6 0.6 3.8 0.8 1593.0 470.0
 4.0 1.0 3.0 3.0 1.0 3.1 0.9 3.1 0.9 2877.0 45.0
 2.0 4.0 2.0 3.0 1.0 3.6 1.6 4.0 2.0 2104.0 379.0
 4.0 4.0 0.0 4.0 0.0 3.7 0.3 4.1 0.1 5642.0 2986.0
 5.0 3.0 2.0 3.0 2.0 3.3 1.7 3.4 1.6 2662.0 2132.0
 5.0 4.0 1.0 5.0 0.0 4.1 0.9 4.6 0.4 5164.0 1229.0
 4.0 3.0 1.0 4.0 0.0 3.5 0.5 3.6 0.4 4828.0 2406.0
 4.0 4.0 0.0 3.0 1.0 3.3 0.7 3.4 0.6 237.0 2383.0
 2.0 4.0 2.0 4.0 2.0 3.4 1.4 4.0 2.0 4815.0 3250.0
 3.0 3.0 0.0 2.0 1.0 2.9 0.1 3.0 0.0 1310.0 1893.0
 4.0 4.0 0.0 2.0 2.0 3.4 0.6 3.5 0.5 523.0 1446.0
 5.0 4.0 1.0 3.0 2.0 4.1 0.9 4.3 0.7 408.0 1088.0
 2.0 3.0 1.0 4.0 2.0 3.5 1.5 3.6 1.6 2940.0 3502.0
 3.0 4.0 1.0 4.0 1.0 4.2 1.2 4.6 1.6 5276.0 1218.0
 5.0 4.0 1.0 3.0 2.0 4.4 0.6 4.5 0.5 5264.0 2761.0
 4.0 4.0 0.0 1.0 3.0 4.1 0.1 4.2 0.2 1265.0 2681.0
 4.0 4.0 0.0 5.0 1.0 4.3 0.3 4.4 0.4 5462.0 1233.0
 5.0 4.0 1.0 5.0 0.0 4.3 0.7 4.7 0.3 6019.0 1259.0
 5.0 5.0 0.0 4.0 1.0 4.2 0.8 4.3 0.7 5012.0 1227.0
 3.0 1.0 2.0 3.0 0.0 2.3 0.7 2.3 0.7 1263.0 2455.0
 4.0 3.0 1.0 4.0 0.0 3.5 0.5 3.9 0.1 3390.0 1030.0
 4.0 4.0 0.0 4.0 0.0 4.0 0.0 4.0 0.0 5873.0 3653.0
 3.0 1.0 2.0 2.0 1.0 3.8 0.8 4.1 1.1 1511.0 479.0
 4.0 3.0 1.0 3.0 1.0 3.4 0.6 3.6 0.4 1919.0 85.0
 5.0 3.0 2.0 4.0 1.0 4.0 1.0 4.1 0.9 2283.0 1269.0
 3.0 2.0 1.0 4.0 1.0 3.8 0.8 4.0 1.0 3512.0 439.0
 3.0 5.0 2.0 3.0 0.0 4.3 1.3 4.3 1.3 5334.0 909.0
 3.0 1.0 2.0 3.0 0.0 2.5 0.5 2.5 0.5 3190.0 419.0
 3.0 2.0 1.0 3.0 0.0 3.5 0.5 3.5 0.5 3453.0 2045.0

User-similarity based SVD algorithm RMSE: 1.3989281611290838
Item-similarity based SVD algorithm RMSE: 1.4177446878757827
Trivial prediction by average rating RMSE: 0.9580253333020023
Global Baseline Estimate RMSE: 1.020649639376327